Participant,Session,Block,OnsetDelay,Condition,Distance,DisplayLeft,DisplayRight,Occlusion,Percept,Time
AFB1972WRNO,2019-12-17-16-57-37,1,1.2342345016631795,Ambiguity,-8.13,gear24,gear24-medium,None,down,4.987339984910477
AFB1972WRNO,2019-12-17-16-57-37,1,1.2342345016631795,Ambiguity,-8.13,gear24,gear24-medium,None,unclear,5.237510566080687
AFB1972WRNO,2019-12-17-16-57-37,1,1.2342345016631795,Ambiguity,-8.13,gear24,gear24-medium,None,down,5.504389394049667
AFB1972WRNO,2019-12-17-16-57-37,1,1.2342345016631795,Ambiguity,-8.13,gear24,gear24-medium,None,up,6.4718723001681155
AFB1972WRNO,2019-12-17-16-57-37,1,1.2342345016631795,Ambiguity,-8.13,gear24,gear24-medium,None,down,8.256547860069304
AFB1972WRNO,2019-12-17-16-57-37,1,1.2342345016631795,Ambiguity,-8.13,gear24,gear24-medium,None,up,9.223997178646528
AFB1972WRNO,2019-12-17-16-57-37,1,1.2342345016631795,Ambiguity,-8.13,gear24,gear24-medium,None,down,24.88644612091889
AFB1972WRNO,2019-12-17-16-57-37,1,1.2342345016631795,Ambiguity,-8.13,gear24,gear24-medium,None,unclear,35.14464225847604
AFB1972WRNO,2019-12-17-16-57-37,1,1.2342345016631795,Ambiguity,-8.13,gear24,gear24-medium,None,up,35.22795086764705
AFB1972WRNO,2019-12-17-16-57-37,1,1.2342345016631795,Ambiguity,-8.13,gear24,gear24-medium,None,unclear,37.49645838037145
AFB1972WRNO,2019-12-17-16-57-37,1,1.2342345016631795,Ambiguity,-8.13,gear24,gear24-medium,None,down,37.57985437934889
AFB1972WRNO,2019-12-17-16-57-37,1,1.2342345016631795,Ambiguity,-8.13,gear24,gear24-medium,None,up,40.615605518059795
AFB1972WRNO,2019-12-17-16-57-37,1,1.2342345016631795,Ambiguity,-8.13,gear24,gear24-medium,None,down,47.00401060122317
AFB1972WRNO,2019-12-17-16-57-37,1,1.2342345016631795,Ambiguity,-8.13,gear24,gear24-medium,None,up,51.60774665539617
AFB1972WRNO,2019-12-17-16-57-37,1,1.2342345016631795,Ambiguity,-8.13,gear24,gear24-medium,None,down,57.262139563697815
AFB1972WRNO,2019-12-17-16-57-37,1,1.2342345016631795,Ambiguity,-8.13,gear24,gear24-medium,None,end,60.0142666191465
AFB1972WRNO,2019-12-17-16-57-37,2,1.0936099705793536,Ambiguity,-8.13,gear24,gear24-weak,None,up,2.1684430744045358
AFB1972WRNO,2019-12-17-16-57-37,2,1.0936099705793536,Ambiguity,-8.13,gear24,gear24-weak,None,down,3.335984883118499
AFB1972WRNO,2019-12-17-16-57-37,2,1.0936099705793536,Ambiguity,-8.13,gear24,gear24-weak,None,up,4.753807987490518
AFB1972WRNO,2019-12-17-16-57-37,2,1.0936099705793536,Ambiguity,-8.13,gear24,gear24-weak,None,down,6.1048802075461595
AFB1972WRNO,2019-12-17-16-57-37,2,1.0936099705793536,Ambiguity,-8.13,gear24,gear24-weak,None,unclear,8.239949705766946
AFB1972WRNO,2019-12-17-16-57-37,2,1.0936099705793536,Ambiguity,-8.13,gear24,gear24-weak,None,up,8.24000008707884
AFB1972WRNO,2019-12-17-16-57-37,2,1.0936099705793536,Ambiguity,-8.13,gear24,gear24-weak,None,down,9.991303314779373
AFB1972WRNO,2019-12-17-16-57-37,2,1.0936099705793536,Ambiguity,-8.13,gear24,gear24-weak,None,up,11.776054446648402
AFB1972WRNO,2019-12-17-16-57-37,2,1.0936099705793536,Ambiguity,-8.13,gear24,gear24-weak,None,unclear,17.847522203541757
AFB1972WRNO,2019-12-17-16-57-37,2,1.0936099705793536,Ambiguity,-8.13,gear24,gear24-weak,None,right,18.38129665325033
AFB1972WRNO,2019-12-17-16-57-37,2,1.0936099705793536,Ambiguity,-8.13,gear24,gear24-weak,None,unclear,19.799147747240113
AFB1972WRNO,2019-12-17-16-57-37,2,1.0936099705793536,Ambiguity,-8.13,gear24,gear24-weak,None,up,20.166060535945235
AFB1972WRNO,2019-12-17-16-57-37,2,1.0936099705793536,Ambiguity,-8.13,gear24,gear24-weak,None,unclear,21.650541225907943
AFB1972WRNO,2019-12-17-16-57-37,2,1.0936099705793536,Ambiguity,-8.13,gear24,gear24-weak,None,up,22.401182965643102
AFB1972WRNO,2019-12-17-16-57-37,2,1.0936099705793536,Ambiguity,-8.13,gear24,gear24-weak,None,down,25.32029887935795
AFB1972WRNO,2019-12-17-16-57-37,2,1.0936099705793536,Ambiguity,-8.13,gear24,gear24-weak,None,up,31.008167681445855
AFB1972WRNO,2019-12-17-16-57-37,2,1.0936099705793536,Ambiguity,-8.13,gear24,gear24-weak,None,down,34.510803992439094
AFB1972WRNO,2019-12-17-16-57-37,2,1.0936099705793536,Ambiguity,-8.13,gear24,gear24-weak,None,up,35.99531018405355
AFB1972WRNO,2019-12-17-16-57-37,2,1.0936099705793536,Ambiguity,-8.13,gear24,gear24-weak,None,down,37.57989760775848
AFB1972WRNO,2019-12-17-16-57-37,2,1.0936099705793536,Ambiguity,-8.13,gear24,gear24-weak,None,up,41.8500194994337
AFB1972WRNO,2019-12-17-16-57-37,2,1.0936099705793536,Ambiguity,-8.13,gear24,gear24-weak,None,unclear,48.555345426092174
AFB1972WRNO,2019-12-17-16-57-37,2,1.0936099705793536,Ambiguity,-8.13,gear24,gear24-weak,None,down,48.55539518541258
AFB1972WRNO,2019-12-17-16-57-37,2,1.0936099705793536,Ambiguity,-8.13,gear24,gear24-weak,None,up,50.123209675202304
AFB1972WRNO,2019-12-17-16-57-37,2,1.0936099705793536,Ambiguity,-8.13,gear24,gear24-weak,None,down,51.90796609399911
AFB1972WRNO,2019-12-17-16-57-37,2,1.0936099705793536,Ambiguity,-8.13,gear24,gear24-weak,None,up,59.1307889526845
AFB1972WRNO,2019-12-17-16-57-37,2,1.0936099705793536,Ambiguity,-8.13,gear24,gear24-weak,None,end,60.01436271683406
AFB1972WRNO,2019-12-17-16-57-37,3,0.9526095523297076,Separation,8.13,gear24,gear24,None,up,0.9842076356921439
AFB1972WRNO,2019-12-17-16-57-37,3,0.9526095523297076,Separation,8.13,gear24,gear24,None,down,3.3360567231372897
AFB1972WRNO,2019-12-17-16-57-37,3,0.9526095523297076,Separation,8.13,gear24,gear24,None,up,4.470289331788308
AFB1972WRNO,2019-12-17-16-57-37,3,0.9526095523297076,Separation,8.13,gear24,gear24,None,down,10.758616292818658
AFB1972WRNO,2019-12-17-16-57-37,3,0.9526095523297076,Separation,8.13,gear24,gear24,None,unclear,18.448021724919272
AFB1972WRNO,2019-12-17-16-57-37,3,0.9526095523297076,Separation,8.13,gear24,gear24,None,up,18.531456598365764
AFB1972WRNO,2019-12-17-16-57-37,3,0.9526095523297076,Separation,8.13,gear24,gear24,None,unclear,19.9492433162348
AFB1972WRNO,2019-12-17-16-57-37,3,0.9526095523297076,Separation,8.13,gear24,gear24,None,down,20.166117759163626
AFB1972WRNO,2019-12-17-16-57-37,3,0.9526095523297076,Separation,8.13,gear24,gear24,None,up,21.767354029478668
AFB1972WRNO,2019-12-17-16-57-37,3,0.9526095523297076,Separation,8.13,gear24,gear24,None,unclear,24.102559246245846
AFB1972WRNO,2019-12-17-16-57-37,3,0.9526095523297076,Separation,8.13,gear24,gear24,None,down,24.10261367050248
AFB1972WRNO,2019-12-17-16-57-37,3,0.9526095523297076,Separation,8.13,gear24,gear24,None,up,25.670512440141124
AFB1972WRNO,2019-12-17-16-57-37,3,0.9526095523297076,Separation,8.13,gear24,gear24,None,unclear,27.588668309968227
AFB1972WRNO,2019-12-17-16-57-37,3,0.9526095523297076,Separation,8.13,gear24,gear24,None,down,27.622003944670155
AFB1972WRNO,2019-12-17-16-57-37,3,0.9526095523297076,Separation,8.13,gear24,gear24,None,up,33.3766370038918
AFB1972WRNO,2019-12-17-16-57-37,3,0.9526095523297076,Separation,8.13,gear24,gear24,None,down,36.3622742870578
AFB1972WRNO,2019-12-17-16-57-37,3,0.9526095523297076,Separation,8.13,gear24,gear24,None,up,38.330527218659256
AFB1972WRNO,2019-12-17-16-57-37,3,0.9526095523297076,Separation,8.13,gear24,gear24,None,down,42.51717691739765
AFB1972WRNO,2019-12-17-16-57-37,3,0.9526095523297076,Separation,8.13,gear24,gear24,None,up,46.403577632936674
AFB1972WRNO,2019-12-17-16-57-37,3,0.9526095523297076,Separation,8.13,gear24,gear24,None,down,48.45514663760724
AFB1972WRNO,2019-12-17-16-57-37,3,0.9526095523297076,Separation,8.13,gear24,gear24,None,unclear,48.63863257655629
AFB1972WRNO,2019-12-17-16-57-37,3,0.9526095523297076,Separation,8.13,gear24,gear24,None,down,48.92223022517959
AFB1972WRNO,2019-12-17-16-57-37,3,0.9526095523297076,Separation,8.13,gear24,gear24,None,up,50.39001635215669
AFB1972WRNO,2019-12-17-16-57-37,3,0.9526095523297076,Separation,8.13,gear24,gear24,None,unclear,52.224852727961434
AFB1972WRNO,2019-12-17-16-57-37,3,0.9526095523297076,Separation,8.13,gear24,gear24,None,down,52.25820204647647
AFB1972WRNO,2019-12-17-16-57-37,3,0.9526095523297076,Separation,8.13,gear24,gear24,None,up,55.160482516129775
AFB1972WRNO,2019-12-17-16-57-37,3,0.9526095523297076,Separation,8.13,gear24,gear24,None,end,60.01429087681521
AFB1972WRNO,2019-12-17-16-57-37,4,1.475455228210978,Occlusion,-8.13,gear24,gear24,8.13,up,2.218546045098094
AFB1972WRNO,2019-12-17-16-57-37,4,1.475455228210978,Occlusion,-8.13,gear24,gear24,8.13,unclear,2.6521605807907918
AFB1972WRNO,2019-12-17-16-57-37,4,1.475455228210978,Occlusion,-8.13,gear24,gear24,8.13,down,2.6688081834178092
AFB1972WRNO,2019-12-17-16-57-37,4,1.475455228210978,Occlusion,-8.13,gear24,gear24,8.13,up,3.619578799792748
AFB1972WRNO,2019-12-17-16-57-37,4,1.475455228210978,Occlusion,-8.13,gear24,gear24,8.13,down,5.904714944403281
AFB1972WRNO,2019-12-17-16-57-37,4,1.475455228210978,Occlusion,-8.13,gear24,gear24,8.13,up,12.626701535510392
AFB1972WRNO,2019-12-17-16-57-37,4,1.475455228210978,Occlusion,-8.13,gear24,gear24,8.13,down,14.161295770022377
AFB1972WRNO,2019-12-17-16-57-37,4,1.475455228210978,Occlusion,-8.13,gear24,gear24,8.13,up,15.662439923395482
AFB1972WRNO,2019-12-17-16-57-37,4,1.475455228210978,Occlusion,-8.13,gear24,gear24,8.13,down,16.830048596196264
AFB1972WRNO,2019-12-17-16-57-37,4,1.475455228210978,Occlusion,-8.13,gear24,gear24,8.13,up,18.297940150733382
AFB1972WRNO,2019-12-17-16-57-37,4,1.475455228210978,Occlusion,-8.13,gear24,gear24,8.13,unclear,19.465509638069364
AFB1972WRNO,2019-12-17-16-57-37,4,1.475455228210978,Occlusion,-8.13,gear24,gear24,8.13,down,19.482137336968208
AFB1972WRNO,2019-12-17-16-57-37,4,1.475455228210978,Occlusion,-8.13,gear24,gear24,8.13,up,20.516356199607003
AFB1972WRNO,2019-12-17-16-57-37,4,1.475455228210978,Occlusion,-8.13,gear24,gear24,8.13,unclear,21.650588186266532
AFB1972WRNO,2019-12-17-16-57-37,4,1.475455228210978,Occlusion,-8.13,gear24,gear24,8.13,down,21.667195670441515
AFB1972WRNO,2019-12-17-16-57-37,4,1.475455228210978,Occlusion,-8.13,gear24,gear24,8.13,up,27.555231290651022
AFB1972WRNO,2019-12-17-16-57-37,4,1.475455228210978,Occlusion,-8.13,gear24,gear24,8.13,down,31.458365132648964
AFB1972WRNO,2019-12-17-16-57-37,4,1.475455228210978,Occlusion,-8.13,gear24,gear24,8.13,up,41.69978025040132
AFB1972WRNO,2019-12-17-16-57-37,4,1.475455228210978,Occlusion,-8.13,gear24,gear24,8.13,down,50.923766544196496
AFB1972WRNO,2019-12-17-16-57-37,4,1.475455228210978,Occlusion,-8.13,gear24,gear24,8.13,up,54.32647774296697
AFB1972WRNO,2019-12-17-16-57-37,4,1.475455228210978,Occlusion,-8.13,gear24,gear24,8.13,down,58.713291149869406
AFB1972WRNO,2019-12-17-16-57-37,4,1.475455228210978,Occlusion,-8.13,gear24,gear24,8.13,end,60.01427315005725
AFB1972WRNO,2019-12-17-16-57-37,5,1.175069822462556,Occlusion,-8.13,gear24,gear24,16.26,down,1.5679702986617485
AFB1972WRNO,2019-12-17-16-57-37,5,1.175069822462556,Occlusion,-8.13,gear24,gear24,16.26,up,3.23593879354803
AFB1972WRNO,2019-12-17-16-57-37,5,1.175069822462556,Occlusion,-8.13,gear24,gear24,16.26,down,4.28682765050803
AFB1972WRNO,2019-12-17-16-57-37,5,1.175069822462556,Occlusion,-8.13,gear24,gear24,16.26,up,5.337612634886682
AFB1972WRNO,2019-12-17-16-57-37,5,1.175069822462556,Occlusion,-8.13,gear24,gear24,16.26,down,7.439240137858178
AFB1972WRNO,2019-12-17-16-57-37,5,1.175069822462556,Occlusion,-8.13,gear24,gear24,16.26,up,7.740420553336094
AFB1972WRNO,2019-12-17-16-57-37,5,1.175069822462556,Occlusion,-8.13,gear24,gear24,16.26,down,9.65770719003524
AFB1972WRNO,2019-12-17-16-57-37,5,1.175069822462556,Occlusion,-8.13,gear24,gear24,16.26,up,11.792730660884672
AFB1972WRNO,2019-12-17-16-57-37,5,1.175069822462556,Occlusion,-8.13,gear24,gear24,16.26,down,14.044512511048197
AFB1972WRNO,2019-12-17-16-57-37,5,1.175069822462556,Occlusion,-8.13,gear24,gear24,16.26,up,15.362289214853945
AFB1972WRNO,2019-12-17-16-57-37,5,1.175069822462556,Occlusion,-8.13,gear24,gear24,16.26,down,20.332871504641048
AFB1972WRNO,2019-12-17-16-57-37,5,1.175069822462556,Occlusion,-8.13,gear24,gear24,16.26,up,22.084226979627942
AFB1972WRNO,2019-12-17-16-57-37,5,1.175069822462556,Occlusion,-8.13,gear24,gear24,16.26,unclear,23.58539041473773
AFB1972WRNO,2019-12-17-16-57-37,5,1.175069822462556,Occlusion,-8.13,gear24,gear24,16.26,down,23.585443595011384
AFB1972WRNO,2019-12-17-16-57-37,5,1.175069822462556,Occlusion,-8.13,gear24,gear24,16.26,up,30.524331063686418
AFB1972WRNO,2019-12-17-16-57-37,5,1.175069822462556,Occlusion,-8.13,gear24,gear24,16.26,down,37.896795748563704
AFB1972WRNO,2019-12-17-16-57-37,5,1.175069822462556,Occlusion,-8.13,gear24,gear24,16.26,up,41.95000805479003
AFB1972WRNO,2019-12-17-16-57-37,5,1.175069822462556,Occlusion,-8.13,gear24,gear24,16.26,down,44.41870757629192
AFB1972WRNO,2019-12-17-16-57-37,5,1.175069822462556,Occlusion,-8.13,gear24,gear24,16.26,up,47.437715014688365
AFB1972WRNO,2019-12-17-16-57-37,5,1.175069822462556,Occlusion,-8.13,gear24,gear24,16.26,down,53.5092160481272
AFB1972WRNO,2019-12-17-16-57-37,5,1.175069822462556,Occlusion,-8.13,gear24,gear24,16.26,end,60.01430331664528
AFB1972WRNO,2019-12-17-16-57-37,6,0.909513665863977,Control,-8.13,gear24,gear24,None,up,1.0342157526812343
AFB1972WRNO,2019-12-17-16-57-37,6,0.909513665863977,Control,-8.13,gear24,gear24,None,unclear,2.068337584645292
AFB1972WRNO,2019-12-17-16-57-37,6,0.909513665863977,Control,-8.13,gear24,gear24,None,up,2.969076759349605
AFB1972WRNO,2019-12-17-16-57-37,6,0.909513665863977,Control,-8.13,gear24,gear24,None,unclear,3.252627136618571
AFB1972WRNO,2019-12-17-16-57-37,6,0.909513665863977,Control,-8.13,gear24,gear24,None,down,3.269303350854898
AFB1972WRNO,2019-12-17-16-57-37,6,0.909513665863977,Control,-8.13,gear24,gear24,None,up,4.820600545237767
AFB1972WRNO,2019-12-17-16-57-37,6,0.909513665863977,Control,-8.13,gear24,gear24,None,down,7.022331360998351
AFB1972WRNO,2019-12-17-16-57-37,6,0.909513665863977,Control,-8.13,gear24,gear24,None,up,11.042134326529435
AFB1972WRNO,2019-12-17-16-57-37,6,0.909513665863977,Control,-8.13,gear24,gear24,None,down,16.146220872915364
AFB1972WRNO,2019-12-17-16-57-37,6,0.909513665863977,Control,-8.13,gear24,gear24,None,up,18.998494469562615
AFB1972WRNO,2019-12-17-16-57-37,6,0.909513665863977,Control,-8.13,gear24,gear24,None,down,21.183542540176063
AFB1972WRNO,2019-12-17-16-57-37,6,0.909513665863977,Control,-8.13,gear24,gear24,None,up,23.952383129351233
AFB1972WRNO,2019-12-17-16-57-37,6,0.909513665863977,Control,-8.13,gear24,gear24,None,down,27.18825008288036
AFB1972WRNO,2019-12-17-16-57-37,6,0.909513665863977,Control,-8.13,gear24,gear24,None,up,30.524268553540082
AFB1972WRNO,2019-12-17-16-57-37,6,0.909513665863977,Control,-8.13,gear24,gear24,None,unclear,33.35987153387464
AFB1972WRNO,2019-12-17-16-57-37,6,0.909513665863977,Control,-8.13,gear24,gear24,None,down,33.40994122802272
AFB1972WRNO,2019-12-17-16-57-37,6,0.909513665863977,Control,-8.13,gear24,gear24,None,up,37.21296025038896
AFB1972WRNO,2019-12-17-16-57-37,6,0.909513665863977,Control,-8.13,gear24,gear24,None,down,42.66723205694461
AFB1972WRNO,2019-12-17-16-57-37,6,0.909513665863977,Control,-8.13,gear24,gear24,None,up,46.10336721321062
AFB1972WRNO,2019-12-17-16-57-37,6,0.909513665863977,Control,-8.13,gear24,gear24,None,down,52.95876040825033
AFB1972WRNO,2019-12-17-16-57-37,6,0.909513665863977,Control,-8.13,gear24,gear24,None,up,56.54492053747538
AFB1972WRNO,2019-12-17-16-57-37,6,0.909513665863977,Control,-8.13,gear24,gear24,None,down,57.91263693920473
AFB1972WRNO,2019-12-17-16-57-37,6,0.909513665863977,Control,-8.13,gear24,gear24,None,up,59.113601772427046
AFB1972WRNO,2019-12-17-16-57-37,6,0.909513665863977,Control,-8.13,gear24,gear24,None,end,60.014376400647166
AFB1972WRNO,2019-12-17-16-57-37,7,1.0045227782309352,Ambiguity,-8.13,gear24-medium-strong,gear24,None,down,2.2852272663659505
AFB1972WRNO,2019-12-17-16-57-37,7,1.0045227782309352,Ambiguity,-8.13,gear24-medium-strong,gear24,None,up,8.656914150866442
AFB1972WRNO,2019-12-17-16-57-37,7,1.0045227782309352,Ambiguity,-8.13,gear24-medium-strong,gear24,None,down,10.008038929204304
AFB1972WRNO,2019-12-17-16-57-37,7,1.0045227782309352,Ambiguity,-8.13,gear24-medium-strong,gear24,None,up,12.409923190269069
AFB1972WRNO,2019-12-17-16-57-37,7,1.0045227782309352,Ambiguity,-8.13,gear24-medium-strong,gear24,None,down,18.614898624714556
AFB1972WRNO,2019-12-17-16-57-37,7,1.0045227782309352,Ambiguity,-8.13,gear24-medium-strong,gear24,None,up,21.567151757841202
AFB1972WRNO,2019-12-17-16-57-37,7,1.0045227782309352,Ambiguity,-8.13,gear24-medium-strong,gear24,None,down,23.6188041093734
AFB1972WRNO,2019-12-17-16-57-37,7,1.0045227782309352,Ambiguity,-8.13,gear24-medium-strong,gear24,None,up,25.136719641683044
AFB1972WRNO,2019-12-17-16-57-37,7,1.0045227782309352,Ambiguity,-8.13,gear24-medium-strong,gear24,None,down,26.571257212768955
AFB1972WRNO,2019-12-17-16-57-37,7,1.0045227782309352,Ambiguity,-8.13,gear24-medium-strong,gear24,None,up,30.324159269632673
AFB1972WRNO,2019-12-17-16-57-37,7,1.0045227782309352,Ambiguity,-8.13,gear24-medium-strong,gear24,None,down,32.642627938987516
AFB1972WRNO,2019-12-17-16-57-37,7,1.0045227782309352,Ambiguity,-8.13,gear24-medium-strong,gear24,None,up,34.477466802758386
AFB1972WRNO,2019-12-17-16-57-37,7,1.0045227782309352,Ambiguity,-8.13,gear24-medium-strong,gear24,None,down,35.92858386840146
AFB1972WRNO,2019-12-17-16-57-37,7,1.0045227782309352,Ambiguity,-8.13,gear24-medium-strong,gear24,None,up,36.7792741856731
AFB1972WRNO,2019-12-17-16-57-37,7,1.0045227782309352,Ambiguity,-8.13,gear24-medium-strong,gear24,None,down,37.629966679915015
AFB1972WRNO,2019-12-17-16-57-37,7,1.0045227782309352,Ambiguity,-8.13,gear24-medium-strong,gear24,None,up,45.252654815240476
AFB1972WRNO,2019-12-17-16-57-37,7,1.0045227782309352,Ambiguity,-8.13,gear24-medium-strong,gear24,None,down,50.039784753619756
AFB1972WRNO,2019-12-17-16-57-37,7,1.0045227782309352,Ambiguity,-8.13,gear24-medium-strong,gear24,None,up,52.44166839269303
AFB1972WRNO,2019-12-17-16-57-37,7,1.0045227782309352,Ambiguity,-8.13,gear24-medium-strong,gear24,None,down,53.52591309907882
AFB1972WRNO,2019-12-17-16-57-37,7,1.0045227782309352,Ambiguity,-8.13,gear24-medium-strong,gear24,None,up,54.79395349618312
AFB1972WRNO,2019-12-17-16-57-37,7,1.0045227782309352,Ambiguity,-8.13,gear24-medium-strong,gear24,None,unclear,56.17798566807164
AFB1972WRNO,2019-12-17-16-57-37,7,1.0045227782309352,Ambiguity,-8.13,gear24-medium-strong,gear24,None,down,56.39482870042957
AFB1972WRNO,2019-12-17-16-57-37,7,1.0045227782309352,Ambiguity,-8.13,gear24-medium-strong,gear24,None,up,56.86188554236719
AFB1972WRNO,2019-12-17-16-57-37,7,1.0045227782309352,Ambiguity,-8.13,gear24-medium-strong,gear24,None,down,57.1621028039998
AFB1972WRNO,2019-12-17-16-57-37,7,1.0045227782309352,Ambiguity,-8.13,gear24-medium-strong,gear24,None,up,58.3963954970302
AFB1972WRNO,2019-12-17-16-57-37,7,1.0045227782309352,Ambiguity,-8.13,gear24-medium-strong,gear24,None,down,59.93100092738928
AFB1972WRNO,2019-12-17-16-57-37,7,1.0045227782309352,Ambiguity,-8.13,gear24-medium-strong,gear24,None,end,60.014297718721764
AFB1972WRNO,2019-12-17-16-57-37,8,1.2841006554050254,Separation,32.52,gear24,gear24,None,up,3.352729516420254
AFB1972WRNO,2019-12-17-16-57-37,8,1.2841006554050254,Separation,32.52,gear24,gear24,None,down,10.425007417248707
AFB1972WRNO,2019-12-17-16-57-37,8,1.2841006554050254,Separation,32.52,gear24,gear24,None,up,12.393274343658959
AFB1972WRNO,2019-12-17-16-57-37,8,1.2841006554050254,Separation,32.52,gear24,gear24,None,down,13.877730464957267
AFB1972WRNO,2019-12-17-16-57-37,8,1.2841006554050254,Separation,32.52,gear24,gear24,None,up,14.711741147039334
AFB1972WRNO,2019-12-17-16-57-37,8,1.2841006554050254,Separation,32.52,gear24,gear24,None,down,15.629096202804021
AFB1972WRNO,2019-12-17-16-57-37,8,1.2841006554050254,Separation,32.52,gear24,gear24,None,up,16.529835688504136
AFB1972WRNO,2019-12-17-16-57-37,8,1.2841006554050254,Separation,32.52,gear24,gear24,None,down,17.514016889557297
AFB1972WRNO,2019-12-17-16-57-37,8,1.2841006554050254,Separation,32.52,gear24,gear24,None,up,24.169193818150802
AFB1972WRNO,2019-12-17-16-57-37,8,1.2841006554050254,Separation,32.52,gear24,gear24,None,down,28.22248294032795
AFB1972WRNO,2019-12-17-16-57-37,8,1.2841006554050254,Separation,32.52,gear24,gear24,None,up,34.31058710400134
AFB1972WRNO,2019-12-17-16-57-37,8,1.2841006554050254,Separation,32.52,gear24,gear24,None,down,35.928563342681855
AFB1972WRNO,2019-12-17-16-57-37,8,1.2841006554050254,Separation,32.52,gear24,gear24,None,up,37.663236694513216
AFB1972WRNO,2019-12-17-16-57-37,8,1.2841006554050254,Separation,32.52,gear24,gear24,None,down,42.400411696177
AFB1972WRNO,2019-12-17-16-57-37,8,1.2841006554050254,Separation,32.52,gear24,gear24,None,up,44.68550710034401
AFB1972WRNO,2019-12-17-16-57-37,8,1.2841006554050254,Separation,32.52,gear24,gear24,None,down,51.34084730170753
AFB1972WRNO,2019-12-17-16-57-37,8,1.2841006554050254,Separation,32.52,gear24,gear24,None,up,51.6076832122626
AFB1972WRNO,2019-12-17-16-57-37,8,1.2841006554050254,Separation,32.52,gear24,gear24,None,unclear,52.408296060492376
AFB1972WRNO,2019-12-17-16-57-37,8,1.2841006554050254,Separation,32.52,gear24,gear24,None,down,52.42498315957994
AFB1972WRNO,2019-12-17-16-57-37,8,1.2841006554050254,Separation,32.52,gear24,gear24,None,up,56.611691947511304
AFB1972WRNO,2019-12-17-16-57-37,8,1.2841006554050254,Separation,32.52,gear24,gear24,None,down,57.97939684239793
AFB1972WRNO,2019-12-17-16-57-37,8,1.2841006554050254,Separation,32.52,gear24,gear24,None,up,58.93015221998098
AFB1972WRNO,2019-12-17-16-57-37,8,1.2841006554050254,Separation,32.52,gear24,gear24,None,end,60.01430611560704
AFB1972WRNO,2019-12-17-16-57-37,9,1.3911033365985637,Occlusion,-8.13,gear24,gear24,65.04,down,1.4845758546629213
AFB1972WRNO,2019-12-17-16-57-37,9,1.3911033365985637,Occlusion,-8.13,gear24,gear24,65.04,unclear,3.169217142832281
AFB1972WRNO,2019-12-17-16-57-37,9,1.3911033365985637,Occlusion,-8.13,gear24,gear24,65.04,up,3.235951233378046
AFB1972WRNO,2019-12-17-16-57-37,9,1.3911033365985637,Occlusion,-8.13,gear24,gear24,65.04,unclear,4.03654915381162
AFB1972WRNO,2019-12-17-16-57-37,9,1.3911033365985637,Occlusion,-8.13,gear24,gear24,65.04,down,4.537008805533674
AFB1972WRNO,2019-12-17-16-57-37,9,1.3911033365985637,Occlusion,-8.13,gear24,gear24,65.04,unclear,7.255795872339945
AFB1972WRNO,2019-12-17-16-57-37,9,1.3911033365985637,Occlusion,-8.13,gear24,gear24,65.04,up,7.422616481904129
AFB1972WRNO,2019-12-17-16-57-37,9,1.3911033365985637,Occlusion,-8.13,gear24,gear24,65.04,unclear,8.306649275784139
AFB1972WRNO,2019-12-17-16-57-37,9,1.3911033365985637,Occlusion,-8.13,gear24,gear24,65.04,left,9.207357350913298
AFB1972WRNO,2019-12-17-16-57-37,9,1.3911033365985637,Occlusion,-8.13,gear24,gear24,65.04,unclear,16.496473930159027
AFB1972WRNO,2019-12-17-16-57-37,9,1.3911033365985637,Occlusion,-8.13,gear24,gear24,65.04,up,16.863437100176043
AFB1972WRNO,2019-12-17-16-57-37,9,1.3911033365985637,Occlusion,-8.13,gear24,gear24,65.04,unclear,18.031000678592704
AFB1972WRNO,2019-12-17-16-57-37,9,1.3911033365985637,Occlusion,-8.13,gear24,gear24,65.04,down,18.03105634683243
AFB1972WRNO,2019-12-17-16-57-37,9,1.3911033365985637,Occlusion,-8.13,gear24,gear24,65.04,up,19.19861588230424
AFB1972WRNO,2019-12-17-16-57-37,9,1.3911033365985637,Occlusion,-8.13,gear24,gear24,65.04,left,21.667288969167203
AFB1972WRNO,2019-12-17-16-57-37,9,1.3911033365985637,Occlusion,-8.13,gear24,gear24,65.04,unclear,21.934126745696858
AFB1972WRNO,2019-12-17-16-57-37,9,1.3911033365985637,Occlusion,-8.13,gear24,gear24,65.04,left,22.050900674798527
AFB1972WRNO,2019-12-17-16-57-37,9,1.3911033365985637,Occlusion,-8.13,gear24,gear24,65.04,unclear,30.274542385300037
AFB1972WRNO,2019-12-17-16-57-37,9,1.3911033365985637,Occlusion,-8.13,gear24,gear24,65.04,left,30.891260024170606
AFB1972WRNO,2019-12-17-16-57-37,9,1.3911033365985637,Occlusion,-8.13,gear24,gear24,65.04,right,34.961168759357065
AFB1972WRNO,2019-12-17-16-57-37,9,1.3911033365985637,Occlusion,-8.13,gear24,gear24,65.04,left,37.33015215778187
AFB1972WRNO,2019-12-17-16-57-37,9,1.3911033365985637,Occlusion,-8.13,gear24,gear24,65.04,right,38.71411839857092
AFB1972WRNO,2019-12-17-16-57-37,9,1.3911033365985637,Occlusion,-8.13,gear24,gear24,65.04,left,40.3987435149611
AFB1972WRNO,2019-12-17-16-57-37,9,1.3911033365985637,Occlusion,-8.13,gear24,gear24,65.04,right,42.600594064086295
AFB1972WRNO,2019-12-17-16-57-37,9,1.3911033365985637,Occlusion,-8.13,gear24,gear24,65.04,unclear,47.83804180902496
AFB1972WRNO,2019-12-17-16-57-37,9,1.3911033365985637,Occlusion,-8.13,gear24,gear24,65.04,left,47.938090697557186
AFB1972WRNO,2019-12-17-16-57-37,9,1.3911033365985637,Occlusion,-8.13,gear24,gear24,65.04,right,59.54732764459902
AFB1972WRNO,2019-12-17-16-57-37,9,1.3911033365985637,Occlusion,-8.13,gear24,gear24,65.04,end,60.014294297768515
AFB1972WRNO,2019-12-17-16-57-37,10,1.0661410213613318,Ambiguity,-8.13,gear24-strong,gear24,None,down,2.5354071774088425
AFB1972WRNO,2019-12-17-16-57-37,10,1.0661410213613318,Ambiguity,-8.13,gear24-strong,gear24,None,up,14.428186415829941
AFB1972WRNO,2019-12-17-16-57-37,10,1.0661410213613318,Ambiguity,-8.13,gear24-strong,gear24,None,down,18.66486009234086
AFB1972WRNO,2019-12-17-16-57-37,10,1.0661410213613318,Ambiguity,-8.13,gear24-strong,gear24,None,up,20.416223653217344
AFB1972WRNO,2019-12-17-16-57-37,10,1.0661410213613318,Ambiguity,-8.13,gear24-strong,gear24,None,down,22.76812094500417
AFB1972WRNO,2019-12-17-16-57-37,10,1.0661410213613318,Ambiguity,-8.13,gear24-strong,gear24,None,up,24.052475246293056
AFB1972WRNO,2019-12-17-16-57-37,10,1.0661410213613318,Ambiguity,-8.13,gear24-strong,gear24,None,down,25.787180630686976
AFB1972WRNO,2019-12-17-16-57-37,10,1.0661410213613318,Ambiguity,-8.13,gear24-strong,gear24,None,up,27.204984764318056
AFB1972WRNO,2019-12-17-16-57-37,10,1.0661410213613318,Ambiguity,-8.13,gear24-strong,gear24,None,down,29.673618043724787
AFB1972WRNO,2019-12-17-16-57-37,10,1.0661410213613318,Ambiguity,-8.13,gear24-strong,gear24,None,up,42.86741255887932
AFB1972WRNO,2019-12-17-16-57-37,10,1.0661410213613318,Ambiguity,-8.13,gear24-strong,gear24,None,left,49.78955974819303
AFB1972WRNO,2019-12-17-16-57-37,10,1.0661410213613318,Ambiguity,-8.13,gear24-strong,gear24,None,unclear,49.97308051866628
AFB1972WRNO,2019-12-17-16-57-37,10,1.0661410213613318,Ambiguity,-8.13,gear24-strong,gear24,None,down,50.406727397917166
AFB1972WRNO,2019-12-17-16-57-37,10,1.0661410213613318,Ambiguity,-8.13,gear24-strong,gear24,None,up,57.946106302080125
AFB1972WRNO,2019-12-17-16-57-37,10,1.0661410213613318,Ambiguity,-8.13,gear24-strong,gear24,None,end,60.01432259838191
AFB1972WRNO,2019-12-17-16-57-37,11,0.7897941782376106,Separation,65.04,gear24,gear24,None,left,1.6346847964749713
AFB1972WRNO,2019-12-17-16-57-37,11,0.7897941782376106,Separation,65.04,gear24,gear24,None,unclear,2.71894785161021
AFB1972WRNO,2019-12-17-16-57-37,11,0.7897941782376106,Separation,65.04,gear24,gear24,None,up,3.803079977533571
AFB1972WRNO,2019-12-17-16-57-37,11,0.7897941782376106,Separation,65.04,gear24,gear24,None,unclear,5.571170444953964
AFB1972WRNO,2019-12-17-16-57-37,11,0.7897941782376106,Separation,65.04,gear24,gear24,None,left,5.687891193781979
AFB1972WRNO,2019-12-17-16-57-37,11,0.7897941782376106,Separation,65.04,gear24,gear24,None,unclear,6.272480172465748
AFB1972WRNO,2019-12-17-16-57-37,11,0.7897941782376106,Separation,65.04,gear24,gear24,None,right,6.288366457490838
AFB1972WRNO,2019-12-17-16-57-37,11,0.7897941782376106,Separation,65.04,gear24,gear24,None,left,7.956354545109548
AFB1972WRNO,2019-12-17-16-57-37,11,0.7897941782376106,Separation,65.04,gear24,gear24,None,unclear,8.8237720799209
AFB1972WRNO,2019-12-17-16-57-37,11,0.7897941782376106,Separation,65.04,gear24,gear24,None,right,8.840377387125613
AFB1972WRNO,2019-12-17-16-57-37,11,0.7897941782376106,Separation,65.04,gear24,gear24,None,left,9.65769319522633
AFB1972WRNO,2019-12-17-16-57-37,11,0.7897941782376106,Separation,65.04,gear24,gear24,None,right,10.508396263323789
AFB1972WRNO,2019-12-17-16-57-37,11,0.7897941782376106,Separation,65.04,gear24,gear24,None,left,11.959532610703604
AFB1972WRNO,2019-12-17-16-57-37,11,0.7897941782376106,Separation,65.04,gear24,gear24,None,right,13.677581062597824
AFB1972WRNO,2019-12-17-16-57-37,11,0.7897941782376106,Separation,65.04,gear24,gear24,None,left,14.528275111818516
AFB1972WRNO,2019-12-17-16-57-37,11,0.7897941782376106,Separation,65.04,gear24,gear24,None,right,15.512370789039664
AFB1972WRNO,2019-12-17-16-57-37,11,0.7897941782376106,Separation,65.04,gear24,gear24,None,up,17.297117877963956
AFB1972WRNO,2019-12-17-16-57-37,11,0.7897941782376106,Separation,65.04,gear24,gear24,None,down,19.34872078117155
AFB1972WRNO,2019-12-17-16-57-37,11,0.7897941782376106,Separation,65.04,gear24,gear24,None,up,28.98970946154816
AFB1972WRNO,2019-12-17-16-57-37,11,0.7897941782376106,Separation,65.04,gear24,gear24,None,down,32.15885600834463
AFB1972WRNO,2019-12-17-16-57-37,11,0.7897941782376106,Separation,65.04,gear24,gear24,None,up,37.51317035911916
AFB1972WRNO,2019-12-17-16-57-37,11,0.7897941782376106,Separation,65.04,gear24,gear24,None,left,40.365416899135994
AFB1972WRNO,2019-12-17-16-57-37,11,0.7897941782376106,Separation,65.04,gear24,gear24,None,unclear,40.94933257201569
AFB1972WRNO,2019-12-17-16-57-37,11,0.7897941782376106,Separation,65.04,gear24,gear24,None,down,41.199409854460214
AFB1972WRNO,2019-12-17-16-57-37,11,0.7897941782376106,Separation,65.04,gear24,gear24,None,left,48.722036972419005
AFB1972WRNO,2019-12-17-16-57-37,11,0.7897941782376106,Separation,65.04,gear24,gear24,None,unclear,51.67439242314822
AFB1972WRNO,2019-12-17-16-57-37,11,0.7897941782376106,Separation,65.04,gear24,gear24,None,right,51.774489516022186
AFB1972WRNO,2019-12-17-16-57-37,11,0.7897941782376106,Separation,65.04,gear24,gear24,None,unclear,52.64180877617571
AFB1972WRNO,2019-12-17-16-57-37,11,0.7897941782376106,Separation,65.04,gear24,gear24,None,up,52.725255467460784
AFB1972WRNO,2019-12-17-16-57-37,11,0.7897941782376106,Separation,65.04,gear24,gear24,None,unclear,55.544181611567524
AFB1972WRNO,2019-12-17-16-57-37,11,0.7897941782376106,Separation,65.04,gear24,gear24,None,right,55.6442413849511
AFB1972WRNO,2019-12-17-16-57-37,11,0.7897941782376106,Separation,65.04,gear24,gear24,None,end,60.014308603573
AFB1972WRNO,2019-12-17-16-57-37,12,0.8515548055791697,Occlusion,-8.13,gear24,gear24,32.52,down,2.0850595152571714
AFB1972WRNO,2019-12-17-16-57-37,12,0.8515548055791697,Occlusion,-8.13,gear24,gear24,32.52,unclear,3.252681560875203
AFB1972WRNO,2019-12-17-16-57-37,12,0.8515548055791697,Occlusion,-8.13,gear24,gear24,32.52,up,3.2527362961276367
AFB1972WRNO,2019-12-17-16-57-37,12,0.8515548055791697,Occlusion,-8.13,gear24,gear24,32.52,down,4.370167670249884
AFB1972WRNO,2019-12-17-16-57-37,12,0.8515548055791697,Occlusion,-8.13,gear24,gear24,32.52,up,5.070740648824199
AFB1972WRNO,2019-12-17-16-57-37,12,0.8515548055791697,Occlusion,-8.13,gear24,gear24,32.52,down,10.15809251377243
AFB1972WRNO,2019-12-17-16-57-37,12,0.8515548055791697,Occlusion,-8.13,gear24,gear24,32.52,up,13.644249781836493
AFB1972WRNO,2019-12-17-16-57-37,12,0.8515548055791697,Occlusion,-8.13,gear24,gear24,32.52,down,14.6282773509879
AFB1972WRNO,2019-12-17-16-57-37,12,0.8515548055791697,Occlusion,-8.13,gear24,gear24,32.52,up,15.529078724842748
AFB1972WRNO,2019-12-17-16-57-37,12,0.8515548055791697,Occlusion,-8.13,gear24,gear24,32.52,down,16.69663639434009
AFB1972WRNO,2019-12-17-16-57-37,12,0.8515548055791697,Occlusion,-8.13,gear24,gear24,32.52,up,28.42259035826089
AFB1972WRNO,2019-12-17-16-57-37,12,0.8515548055791697,Occlusion,-8.13,gear24,gear24,32.52,down,35.42820072163454
AFB1972WRNO,2019-12-17-16-57-37,12,0.8515548055791697,Occlusion,-8.13,gear24,gear24,32.52,up,40.565590870159895
AFB1972WRNO,2019-12-17-16-57-37,12,0.8515548055791697,Occlusion,-8.13,gear24,gear24,32.52,down,44.852299409294574
AFB1972WRNO,2019-12-17-16-57-37,12,0.8515548055791697,Occlusion,-8.13,gear24,gear24,32.52,up,51.09057378094326
AFB1972WRNO,2019-12-17-16-57-37,12,0.8515548055791697,Occlusion,-8.13,gear24,gear24,32.52,down,59.36384730357349
AFB1972WRNO,2019-12-17-16-57-37,12,0.8515548055791697,Occlusion,-8.13,gear24,gear24,32.52,end,60.014388840477295
AFB1972WRNO,2019-12-17-16-57-37,13,0.8864849579215652,Separation,0.0,gear24,gear24,None,up,1.8348425957196923
AFB1972WRNO,2019-12-17-16-57-37,13,0.8864849579215652,Separation,0.0,gear24,gear24,None,down,6.788810248429627
AFB1972WRNO,2019-12-17-16-57-37,13,0.8864849579215652,Separation,0.0,gear24,gear24,None,up,11.00880304576799
AFB1972WRNO,2019-12-17-16-57-37,13,0.8864849579215652,Separation,0.0,gear24,gear24,None,down,16.31298270428215
AFB1972WRNO,2019-12-17-16-57-37,13,0.8864849579215652,Separation,0.0,gear24,gear24,None,unclear,16.62991878656908
AFB1972WRNO,2019-12-17-16-57-37,13,0.8864849579215652,Separation,0.0,gear24,gear24,None,down,19.0151436271683
AFB1972WRNO,2019-12-17-16-57-37,13,0.8864849579215652,Separation,0.0,gear24,gear24,None,up,26.988133335074963
AFB1972WRNO,2019-12-17-16-57-37,13,0.8864849579215652,Separation,0.0,gear24,gear24,None,down,32.14221400364113
AFB1972WRNO,2019-12-17-16-57-37,13,0.8864849579215652,Separation,0.0,gear24,gear24,None,up,41.399558945823856
AFB1972WRNO,2019-12-17-16-57-37,13,0.8864849579215652,Separation,0.0,gear24,gear24,None,down,43.78545522625245
AFB1972WRNO,2019-12-17-16-57-37,13,0.8864849579215652,Separation,0.0,gear24,gear24,None,up,46.28679406296669
AFB1972WRNO,2019-12-17-16-57-37,13,0.8864849579215652,Separation,0.0,gear24,gear24,None,down,49.28924159953817
AFB1972WRNO,2019-12-17-16-57-37,13,0.8864849579215652,Separation,0.0,gear24,gear24,None,up,52.30826085577314
AFB1972WRNO,2019-12-17-16-57-37,13,0.8864849579215652,Separation,0.0,gear24,gear24,None,down,53.292366173862774
AFB1972WRNO,2019-12-17-16-57-37,13,0.8864849579215652,Separation,0.0,gear24,gear24,None,up,54.56000942939113
AFB1972WRNO,2019-12-17-16-57-37,13,0.8864849579215652,Separation,0.0,gear24,gear24,None,down,55.89443871175604
AFB1972WRNO,2019-12-17-16-57-37,13,0.8864849579215652,Separation,0.0,gear24,gear24,None,end,60.01434810003366
AFB1972WRNO,2019-12-17-16-57-37,14,0.953741439780267,Occlusion,-8.13,gear24,gear24,65.04,down,1.5679500839376033
AFB1972WRNO,2019-12-17-16-57-37,14,0.953741439780267,Occlusion,-8.13,gear24,gear24,65.04,unclear,2.1184660569906555
AFB1972WRNO,2019-12-17-16-57-37,14,0.953741439780267,Occlusion,-8.13,gear24,gear24,65.04,up,2.135988490669206
AFB1972WRNO,2019-12-17-16-57-37,14,0.953741439780267,Occlusion,-8.13,gear24,gear24,65.04,unclear,3.5529243241594486
AFB1972WRNO,2019-12-17-16-57-37,14,0.953741439780267,Occlusion,-8.13,gear24,gear24,65.04,down,3.5862018026557507
AFB1972WRNO,2019-12-17-16-57-37,14,0.953741439780267,Occlusion,-8.13,gear24,gear24,65.04,up,4.870565433817319
AFB1972WRNO,2019-12-17-16-57-37,14,0.953741439780267,Occlusion,-8.13,gear24,gear24,65.04,left,5.771268533014336
AFB1972WRNO,2019-12-17-16-57-37,14,0.953741439780267,Occlusion,-8.13,gear24,gear24,65.04,right,9.123952644054725
AFB1972WRNO,2019-12-17-16-57-37,14,0.953741439780267,Occlusion,-8.13,gear24,gear24,65.04,unclear,10.05803056341847
AFB1972WRNO,2019-12-17-16-57-37,14,0.953741439780267,Occlusion,-8.13,gear24,gear24,65.04,up,10.074709265620868
AFB1972WRNO,2019-12-17-16-57-37,14,0.953741439780267,Occlusion,-8.13,gear24,gear24,65.04,left,17.89763357112065
AFB1972WRNO,2019-12-17-16-57-37,14,0.953741439780267,Occlusion,-8.13,gear24,gear24,65.04,unclear,24.18592725560552
AFB1972WRNO,2019-12-17-16-57-37,14,0.953741439780267,Occlusion,-8.13,gear24,gear24,65.04,right,24.185981679862152
AFB1972WRNO,2019-12-17-16-57-37,14,0.953741439780267,Occlusion,-8.13,gear24,gear24,65.04,unclear,25.470331005219123
AFB1972WRNO,2019-12-17-16-57-37,14,0.953741439780267,Occlusion,-8.13,gear24,gear24,65.04,left,25.486961814075585
AFB1972WRNO,2019-12-17-16-57-37,14,0.953741439780267,Occlusion,-8.13,gear24,gear24,65.04,right,26.771316426360272
AFB1972WRNO,2019-12-17-16-57-37,14,0.953741439780267,Occlusion,-8.13,gear24,gear24,65.04,left,27.422383857081286
AFB1972WRNO,2019-12-17-16-57-37,14,0.953741439780267,Occlusion,-8.13,gear24,gear24,65.04,right,30.123919056513387
AFB1972WRNO,2019-12-17-16-57-37,14,0.953741439780267,Occlusion,-8.13,gear24,gear24,65.04,unclear,31.39167209354241
AFB1972WRNO,2019-12-17-16-57-37,14,0.953741439780267,Occlusion,-8.13,gear24,gear24,65.04,up,31.591815586982648
AFB1972WRNO,2019-12-17-16-57-37,14,0.953741439780267,Occlusion,-8.13,gear24,gear24,65.04,left,34.110433347701246
AFB1972WRNO,2019-12-17-16-57-37,14,0.953741439780267,Occlusion,-8.13,gear24,gear24,65.04,unclear,35.41146386322657
AFB1972WRNO,2019-12-17-16-57-37,14,0.953741439780267,Occlusion,-8.13,gear24,gear24,65.04,right,35.411518287483204
AFB1972WRNO,2019-12-17-16-57-37,14,0.953741439780267,Occlusion,-8.13,gear24,gear24,65.04,left,38.830887040744756
AFB1972WRNO,2019-12-17-16-57-37,14,0.953741439780267,Occlusion,-8.13,gear24,gear24,65.04,right,45.31940507756531
AFB1972WRNO,2019-12-17-16-57-37,14,0.953741439780267,Occlusion,-8.13,gear24,gear24,65.04,left,46.83826945791566
AFB1972WRNO,2019-12-17-16-57-37,14,0.953741439780267,Occlusion,-8.13,gear24,gear24,65.04,up,56.26141152264131
AFB1972WRNO,2019-12-17-16-57-37,14,0.953741439780267,Occlusion,-8.13,gear24,gear24,65.04,unclear,56.361448593335126
AFB1972WRNO,2019-12-17-16-57-37,14,0.953741439780267,Occlusion,-8.13,gear24,gear24,65.04,up,56.528253342115704
AFB1972WRNO,2019-12-17-16-57-37,14,0.953741439780267,Occlusion,-8.13,gear24,gear24,65.04,unclear,59.513953757419586
AFB1972WRNO,2019-12-17-16-57-37,14,0.953741439780267,Occlusion,-8.13,gear24,gear24,65.04,right,59.56401256671643
AFB1972WRNO,2019-12-17-16-57-37,14,0.953741439780267,Occlusion,-8.13,gear24,gear24,65.04,end,60.014300828679325
AFB1972WRNO,2019-12-17-16-57-37,15,1.393869522687496,Ambiguity,-8.13,gear24-weak,gear24,None,down,2.001646100517519
AFB1972WRNO,2019-12-17-16-57-37,15,1.393869522687496,Ambiguity,-8.13,gear24-weak,gear24,None,up,9.574304660146936
AFB1972WRNO,2019-12-17-16-57-37,15,1.393869522687496,Ambiguity,-8.13,gear24-weak,gear24,None,down,10.825301868027054
AFB1972WRNO,2019-12-17-16-57-37,15,1.393869522687496,Ambiguity,-8.13,gear24-weak,gear24,None,up,12.993685231247127
AFB1972WRNO,2019-12-17-16-57-37,15,1.393869522687496,Ambiguity,-8.13,gear24-weak,gear24,None,down,14.294695221052734
AFB1972WRNO,2019-12-17-16-57-37,15,1.393869522687496,Ambiguity,-8.13,gear24-weak,gear24,None,up,16.346311808073324
AFB1972WRNO,2019-12-17-16-57-37,15,1.393869522687496,Ambiguity,-8.13,gear24-weak,gear24,None,down,21.6172494416071
AFB1972WRNO,2019-12-17-16-57-37,15,1.393869522687496,Ambiguity,-8.13,gear24-weak,gear24,None,up,25.720485414610266
AFB1972WRNO,2019-12-17-16-57-37,15,1.393869522687496,Ambiguity,-8.13,gear24-weak,gear24,None,down,29.840399467824227
AFB1972WRNO,2019-12-17-16-57-37,15,1.393869522687496,Ambiguity,-8.13,gear24-weak,gear24,None,up,32.80942366889167
AFB1972WRNO,2019-12-17-16-57-37,15,1.393869522687496,Ambiguity,-8.13,gear24-weak,gear24,None,down,34.010495484652665
AFB1972WRNO,2019-12-17-16-57-37,15,1.393869522687496,Ambiguity,-8.13,gear24-weak,gear24,None,up,35.46158362769097
AFB1972WRNO,2019-12-17-16-57-37,15,1.393869522687496,Ambiguity,-8.13,gear24-weak,gear24,None,down,38.146981257530115
AFB1972WRNO,2019-12-17-16-57-37,15,1.393869522687496,Ambiguity,-8.13,gear24-weak,gear24,None,up,44.001637081640865
AFB1972WRNO,2019-12-17-16-57-37,15,1.393869522687496,Ambiguity,-8.13,gear24-weak,gear24,None,down,48.88884887410222
AFB1972WRNO,2019-12-17-16-57-37,15,1.393869522687496,Ambiguity,-8.13,gear24-weak,gear24,None,up,53.475852112811936
AFB1972WRNO,2019-12-17-16-57-37,15,1.393869522687496,Ambiguity,-8.13,gear24-weak,gear24,None,down,55.811018455110116
AFB1972WRNO,2019-12-17-16-57-37,15,1.393869522687496,Ambiguity,-8.13,gear24-weak,gear24,None,end,60.01430424963246
AFB1972WRNO,2019-12-17-16-57-37,16,1.2741249665465753,Separation,0.0,gear24,gear24,None,up,1.3177732828523858
AFB1972WRNO,2019-12-17-16-57-37,16,1.2741249665465753,Separation,0.0,gear24,gear24,None,down,5.571214917346651
AFB1972WRNO,2019-12-17-16-57-37,16,1.2741249665465753,Separation,0.0,gear24,gear24,None,up,7.9229797249427065
AFB1972WRNO,2019-12-17-16-57-37,16,1.2741249665465753,Separation,0.0,gear24,gear24,None,down,12.393199393682607
AFB1972WRNO,2019-12-17-16-57-37,16,1.2741249665465753,Separation,0.0,gear24,gear24,None,up,15.712510550530851
AFB1972WRNO,2019-12-17-16-57-37,16,1.2741249665465753,Separation,0.0,gear24,gear24,None,down,20.51635184566635
AFB1972WRNO,2019-12-17-16-57-37,16,1.2741249665465753,Separation,0.0,gear24,gear24,None,up,24.386037783495794
AFB1972WRNO,2019-12-17-16-57-37,16,1.2741249665465753,Separation,0.0,gear24,gear24,None,down,28.189078886560537
AFB1972WRNO,2019-12-17-16-57-37,16,1.2741249665465753,Separation,0.0,gear24,gear24,None,up,30.774480808141107
AFB1972WRNO,2019-12-17-16-57-37,16,1.2741249665465753,Separation,0.0,gear24,gear24,None,down,32.00882139451733
AFB1972WRNO,2019-12-17-16-57-37,16,1.2741249665465753,Separation,0.0,gear24,gear24,None,up,37.196239563759946
AFB1972WRNO,2019-12-17-16-57-37,16,1.2741249665465753,Separation,0.0,gear24,gear24,None,down,38.68073611450609
AFB1972WRNO,2019-12-17-16-57-37,16,1.2741249665465753,Separation,0.0,gear24,gear24,None,up,41.16606209092379
AFB1972WRNO,2019-12-17-16-57-37,16,1.2741249665465753,Separation,0.0,gear24,gear24,None,down,44.00168590797375
AFB1972WRNO,2019-12-17-16-57-37,16,1.2741249665465753,Separation,0.0,gear24,gear24,None,up,46.536967132102745
AFB1972WRNO,2019-12-17-16-57-37,16,1.2741249665465753,Separation,0.0,gear24,gear24,None,down,48.43856621006262
AFB1972WRNO,2019-12-17-16-57-37,16,1.2741249665465753,Separation,0.0,gear24,gear24,None,up,50.456865822126474
AFB1972WRNO,2019-12-17-16-57-37,16,1.2741249665465753,Separation,0.0,gear24,gear24,None,down,53.12561989228334
AFB1972WRNO,2019-12-17-16-57-37,16,1.2741249665465753,Separation,0.0,gear24,gear24,None,up,55.54452650585699
AFB1972WRNO,2019-12-17-16-57-37,16,1.2741249665465753,Separation,0.0,gear24,gear24,None,down,57.21214139857261
AFB1972WRNO,2019-12-17-16-57-37,16,1.2741249665465753,Separation,0.0,gear24,gear24,None,end,60.0143673817704
AFB1972WRNO,2019-12-17-16-57-37,17,0.9461468678123132,Occlusion,-8.13,gear24,gear24,16.26,down,1.0175407824278864
AFB1972WRNO,2019-12-17-16-57-37,17,0.9461468678123132,Occlusion,-8.13,gear24,gear24,16.26,up,3.836394153528545
AFB1972WRNO,2019-12-17-16-57-37,17,0.9461468678123132,Occlusion,-8.13,gear24,gear24,16.26,down,12.576693107525443
AFB1972WRNO,2019-12-17-16-57-37,17,0.9461468678123132,Occlusion,-8.13,gear24,gear24,16.26,up,15.112088778091447
AFB1972WRNO,2019-12-17-16-57-37,17,0.9461468678123132,Occlusion,-8.13,gear24,gear24,16.26,down,17.063579660628875
AFB1972WRNO,2019-12-17-16-57-37,17,0.9461468678123132,Occlusion,-8.13,gear24,gear24,16.26,up,20.41624573391573
AFB1972WRNO,2019-12-17-16-57-37,17,0.9461468678123132,Occlusion,-8.13,gear24,gear24,16.26,left,22.184372276843533
AFB1972WRNO,2019-12-17-16-57-37,17,0.9461468678123132,Occlusion,-8.13,gear24,gear24,16.26,unclear,22.93489459420971
AFB1972WRNO,2019-12-17-16-57-37,17,0.9461468678123132,Occlusion,-8.13,gear24,gear24,16.26,right,24.052506034872522
AFB1972WRNO,2019-12-17-16-57-37,17,0.9461468678123132,Occlusion,-8.13,gear24,gear24,16.26,unclear,25.603712107500087
AFB1972WRNO,2019-12-17-16-57-37,17,0.9461468678123132,Occlusion,-8.13,gear24,gear24,16.26,left,25.68710033158368
AFB1972WRNO,2019-12-17-16-57-37,17,0.9461468678123132,Occlusion,-8.13,gear24,gear24,16.26,unclear,27.255542099806007
AFB1972WRNO,2019-12-17-16-57-37,17,0.9461468678123132,Occlusion,-8.13,gear24,gear24,16.26,up,27.405149716465075
AFB1972WRNO,2019-12-17-16-57-37,17,0.9461468678123132,Occlusion,-8.13,gear24,gear24,16.26,unclear,28.305919057757592
AFB1972WRNO,2019-12-17-16-57-37,17,0.9461468678123132,Occlusion,-8.13,gear24,gear24,16.26,down,28.47266222937924
AFB1972WRNO,2019-12-17-16-57-37,17,0.9461468678123132,Occlusion,-8.13,gear24,gear24,16.26,left,30.84116016343455
AFB1972WRNO,2019-12-17-16-57-37,17,0.9461468678123132,Occlusion,-8.13,gear24,gear24,16.26,right,33.343159555126704
AFB1972WRNO,2019-12-17-16-57-37,17,0.9461468678123132,Occlusion,-8.13,gear24,gear24,16.26,left,35.67835202106812
AFB1972WRNO,2019-12-17-16-57-37,17,0.9461468678123132,Occlusion,-8.13,gear24,gear24,16.26,unclear,37.86342901428657
AFB1972WRNO,2019-12-17-16-57-37,17,0.9461468678123132,Occlusion,-8.13,gear24,gear24,16.26,left,38.14696539674651
AFB1972WRNO,2019-12-17-16-57-37,17,0.9461468678123132,Occlusion,-8.13,gear24,gear24,16.26,unclear,38.2303828544309
AFB1972WRNO,2019-12-17-16-57-37,17,0.9461468678123132,Occlusion,-8.13,gear24,gear24,16.26,down,38.247064044599256
AFB1972WRNO,2019-12-17-16-57-37,17,0.9461468678123132,Occlusion,-8.13,gear24,gear24,16.26,up,44.401953613117485
AFB1972WRNO,2019-12-17-16-57-37,17,0.9461468678123132,Occlusion,-8.13,gear24,gear24,16.26,unclear,44.50205754789795
AFB1972WRNO,2019-12-17-16-57-37,17,0.9461468678123132,Occlusion,-8.13,gear24,gear24,16.26,left,47.37098901003219
AFB1972WRNO,2019-12-17-16-57-37,17,0.9461468678123132,Occlusion,-8.13,gear24,gear24,16.26,unclear,49.706163127224045
AFB1972WRNO,2019-12-17-16-57-37,17,0.9461468678123132,Occlusion,-8.13,gear24,gear24,16.26,up,49.872972540940964
AFB1972WRNO,2019-12-17-16-57-37,17,0.9461468678123132,Occlusion,-8.13,gear24,gear24,16.26,down,52.49173466588786
AFB1972WRNO,2019-12-17-16-57-37,17,0.9461468678123132,Occlusion,-8.13,gear24,gear24,16.26,up,55.91108973533642
AFB1972WRNO,2019-12-17-16-57-37,17,0.9461468678123132,Occlusion,-8.13,gear24,gear24,16.26,end,60.01434716704648
AFB1972WRNO,2019-12-17-16-57-37,18,1.300895333356385,Control,-8.13,gear24,gear24,None,up,1.251055675081716
AFB1972WRNO,2019-12-17-16-57-37,18,1.300895333356385,Control,-8.13,gear24,gear24,None,unclear,4.286791885996536
AFB1972WRNO,2019-12-17-16-57-37,18,1.300895333356385,Control,-8.13,gear24,gear24,None,down,4.286841956312628
AFB1972WRNO,2019-12-17-16-57-37,18,1.300895333356385,Control,-8.13,gear24,gear24,None,up,7.6060228059404835
AFB1972WRNO,2019-12-17-16-57-37,18,1.300895333356385,Control,-8.13,gear24,gear24,None,down,9.741106609965982
AFB1972WRNO,2019-12-17-16-57-37,18,1.300895333356385,Control,-8.13,gear24,gear24,None,up,12.893580052483685
AFB1972WRNO,2019-12-17-16-57-37,18,1.300895333356385,Control,-8.13,gear24,gear24,None,down,20.516370505411714
AFB1972WRNO,2019-12-17-16-57-37,18,1.300895333356385,Control,-8.13,gear24,gear24,None,up,25.52032730436963
AFB1972WRNO,2019-12-17-16-57-37,18,1.300895333356385,Control,-8.13,gear24,gear24,None,down,31.17473545146322
AFB1972WRNO,2019-12-17-16-57-37,18,1.300895333356385,Control,-8.13,gear24,gear24,None,up,35.911881841517925
AFB1972WRNO,2019-12-17-16-57-37,18,1.300895333356385,Control,-8.13,gear24,gear24,None,down,41.26613368214612
AFB1972WRNO,2019-12-17-16-57-37,18,1.300895333356385,Control,-8.13,gear24,gear24,None,up,43.81815767360263
AFB1972WRNO,2019-12-17-16-57-37,18,1.300895333356385,Control,-8.13,gear24,gear24,None,left,46.80385902189346
AFB1972WRNO,2019-12-17-16-57-37,18,1.300895333356385,Control,-8.13,gear24,gear24,None,unclear,50.606926559597014
AFB1972WRNO,2019-12-17-16-57-37,18,1.300895333356385,Control,-8.13,gear24,gear24,None,up,50.706917602919475
AFB1972WRNO,2019-12-17-16-57-37,18,1.300895333356385,Control,-8.13,gear24,gear24,None,down,51.757787178142735
AFB1972WRNO,2019-12-17-16-57-37,18,1.300895333356385,Control,-8.13,gear24,gear24,None,up,57.3955974819296
AFB1972WRNO,2019-12-17-16-57-37,18,1.300895333356385,Control,-8.13,gear24,gear24,None,end,60.014286211878925
AFB1972WRNO,2019-12-17-16-57-37,19,1.1654414920958653,Separation,8.13,gear24,gear24,None,down,1.2177309252308532
AFB1972WRNO,2019-12-17-16-57-37,19,1.1654414920958653,Separation,8.13,gear24,gear24,None,up,5.387731466363448
AFB1972WRNO,2019-12-17-16-57-37,19,1.1654414920958653,Separation,8.13,gear24,gear24,None,down,13.1771972938393
AFB1972WRNO,2019-12-17-16-57-37,19,1.1654414920958653,Separation,8.13,gear24,gear24,None,up,14.261408101687948
AFB1972WRNO,2019-12-17-16-57-37,19,1.1654414920958653,Separation,8.13,gear24,gear24,None,unclear,15.195437194718806
AFB1972WRNO,2019-12-17-16-57-37,19,1.1654414920958653,Separation,8.13,gear24,gear24,None,down,15.212143575542996
AFB1972WRNO,2019-12-17-16-57-37,19,1.1654414920958653,Separation,8.13,gear24,gear24,None,up,18.031060389777167
AFB1972WRNO,2019-12-17-16-57-37,19,1.1654414920958653,Separation,8.13,gear24,gear24,None,down,21.40042848994767
AFB1972WRNO,2019-12-17-16-57-37,19,1.1654414920958653,Separation,8.13,gear24,gear24,None,up,25.019924875865854
AFB1972WRNO,2019-12-17-16-57-37,19,1.1654414920958653,Separation,8.13,gear24,gear24,None,down,30.674413881855116
AFB1972WRNO,2019-12-17-16-57-37,19,1.1654414920958653,Separation,8.13,gear24,gear24,None,up,36.378945836357616
AFB1972WRNO,2019-12-17-16-57-37,19,1.1654414920958653,Separation,8.13,gear24,gear24,None,down,47.454477063752165
AFB1972WRNO,2019-12-17-16-57-37,19,1.1654414920958653,Separation,8.13,gear24,gear24,None,up,57.095393593114295
AFB1972WRNO,2019-12-17-16-57-37,19,1.1654414920958653,Separation,8.13,gear24,gear24,None,left,58.32976870001903
AFB1972WRNO,2019-12-17-16-57-37,19,1.1654414920958653,Separation,8.13,gear24,gear24,None,unclear,59.263799659024244
AFB1972WRNO,2019-12-17-16-57-37,19,1.1654414920958653,Separation,8.13,gear24,gear24,None,up,59.39721932477846
AFB1972WRNO,2019-12-17-16-57-37,19,1.1654414920958653,Separation,8.13,gear24,gear24,None,end,60.01439381640921
AFB1972WRNO,2019-12-17-16-57-37,20,1.3530052943043582,Ambiguity,-8.13,gear24-medium-strong,gear24,None,down,1.0008440424719538
AFB1972WRNO,2019-12-17-16-57-37,20,1.3530052943043582,Ambiguity,-8.13,gear24-medium-strong,gear24,None,up,2.3519221714468586
AFB1972WRNO,2019-12-17-16-57-37,20,1.3530052943043582,Ambiguity,-8.13,gear24-medium-strong,gear24,None,down,3.0699886610948397
AFB1972WRNO,2019-12-17-16-57-37,20,1.3530052943043582,Ambiguity,-8.13,gear24-medium-strong,gear24,None,up,4.920573550806239
AFB1972WRNO,2019-12-17-16-57-37,20,1.3530052943043582,Ambiguity,-8.13,gear24-medium-strong,gear24,None,down,9.22400961847643
AFB1972WRNO,2019-12-17-16-57-37,20,1.3530052943043582,Ambiguity,-8.13,gear24-medium-strong,gear24,None,up,12.509954974034827
AFB1972WRNO,2019-12-17-16-57-37,20,1.3530052943043582,Ambiguity,-8.13,gear24-medium-strong,gear24,None,down,15.095409142901872
AFB1972WRNO,2019-12-17-16-57-37,20,1.3530052943043582,Ambiguity,-8.13,gear24-medium-strong,gear24,None,up,18.549022882445342
AFB1972WRNO,2019-12-17-16-57-37,20,1.3530052943043582,Ambiguity,-8.13,gear24-medium-strong,gear24,None,down,25.253474600043774
AFB1972WRNO,2019-12-17-16-57-37,20,1.3530052943043582,Ambiguity,-8.13,gear24-medium-strong,gear24,None,up,36.12869875023239
AFB1972WRNO,2019-12-17-16-57-37,20,1.3530052943043582,Ambiguity,-8.13,gear24-medium-strong,gear24,None,down,41.28280492045019
AFB1972WRNO,2019-12-17-16-57-37,20,1.3530052943043582,Ambiguity,-8.13,gear24-medium-strong,gear24,None,up,43.18432749345493
AFB1972WRNO,2019-12-17-16-57-37,20,1.3530052943043582,Ambiguity,-8.13,gear24-medium-strong,gear24,None,down,44.35190320070592
AFB1972WRNO,2019-12-17-16-57-37,20,1.3530052943043582,Ambiguity,-8.13,gear24-medium-strong,gear24,None,up,45.25265201627872
AFB1972WRNO,2019-12-17-16-57-37,20,1.3530052943043582,Ambiguity,-8.13,gear24-medium-strong,gear24,None,unclear,46.78713335933253
AFB1972WRNO,2019-12-17-16-57-37,20,1.3530052943043582,Ambiguity,-8.13,gear24-medium-strong,gear24,None,up,46.88722081133801
AFB1972WRNO,2019-12-17-16-57-37,20,1.3530052943043582,Ambiguity,-8.13,gear24-medium-strong,gear24,None,down,47.47101923881905
AFB1972WRNO,2019-12-17-16-57-37,20,1.3530052943043582,Ambiguity,-8.13,gear24-medium-strong,gear24,None,up,48.65533024949946
AFB1972WRNO,2019-12-17-16-57-37,20,1.3530052943043582,Ambiguity,-8.13,gear24-medium-strong,gear24,None,down,50.17317705174764
AFB1972WRNO,2019-12-17-16-57-37,20,1.3530052943043582,Ambiguity,-8.13,gear24-medium-strong,gear24,None,up,51.47420103636205
AFB1972WRNO,2019-12-17-16-57-37,20,1.3530052943043582,Ambiguity,-8.13,gear24-medium-strong,gear24,None,down,52.9920745842453
AFB1972WRNO,2019-12-17-16-57-37,20,1.3530052943043582,Ambiguity,-8.13,gear24-medium-strong,gear24,None,up,58.229569289542496
AFB1972WRNO,2019-12-17-16-57-37,20,1.3530052943043582,Ambiguity,-8.13,gear24-medium-strong,gear24,None,down,59.49726385937015
AFB1972WRNO,2019-12-17-16-57-37,20,1.3530052943043582,Ambiguity,-8.13,gear24-medium-strong,gear24,None,end,60.0142946087642
AFB1972WRNO,2019-12-17-16-57-37,21,1.214538486318867,Separation,32.52,gear24,gear24,None,up,2.001675645114119
AFB1972WRNO,2019-12-17-16-57-37,21,1.214538486318867,Separation,32.52,gear24,gear24,None,down,5.938054311054202
AFB1972WRNO,2019-12-17-16-57-37,21,1.214538486318867,Separation,32.52,gear24,gear24,None,up,13.293935458429587
AFB1972WRNO,2019-12-17-16-57-37,21,1.214538486318867,Separation,32.52,gear24,gear24,None,down,17.84760337343323
AFB1972WRNO,2019-12-17-16-57-37,21,1.214538486318867,Separation,32.52,gear24,gear24,None,up,22.651389311324692
AFB1972WRNO,2019-12-17-16-57-37,21,1.214538486318867,Separation,32.52,gear24,gear24,None,down,25.637089726628574
AFB1972WRNO,2019-12-17-16-57-37,21,1.214538486318867,Separation,32.52,gear24,gear24,None,up,27.388471014262905
AFB1972WRNO,2019-12-17-16-57-37,21,1.214538486318867,Separation,32.52,gear24,gear24,None,down,28.606065412358703
AFB1972WRNO,2019-12-17-16-57-37,21,1.214538486318867,Separation,32.52,gear24,gear24,None,up,29.80707409598199
AFB1972WRNO,2019-12-17-16-57-37,21,1.214538486318867,Separation,32.52,gear24,gear24,None,down,31.041793475184704
AFB1972WRNO,2019-12-17-16-57-37,21,1.214538486318867,Separation,32.52,gear24,gear24,None,up,34.49410320953848
AFB1972WRNO,2019-12-17-16-57-37,21,1.214538486318867,Separation,32.52,gear24,gear24,None,left,36.86266085477814
AFB1972WRNO,2019-12-17-16-57-37,21,1.214538486318867,Separation,32.52,gear24,gear24,None,down,38.297147422560556
AFB1972WRNO,2019-12-17-16-57-37,21,1.214538486318867,Separation,32.52,gear24,gear24,None,up,48.505240278428346
AFB1972WRNO,2019-12-17-16-57-37,21,1.214538486318867,Separation,32.52,gear24,gear24,None,left,49.35596138427945
AFB1972WRNO,2019-12-17-16-57-37,21,1.214538486318867,Separation,32.52,gear24,gear24,None,down,50.94046577211839
AFB1972WRNO,2019-12-17-16-57-37,21,1.214538486318867,Separation,32.52,gear24,gear24,None,up,57.46235925109727
AFB1972WRNO,2019-12-17-16-57-37,21,1.214538486318867,Separation,32.52,gear24,gear24,None,end,60.01436893674918
AFB1972WRNO,2019-12-17-16-57-37,22,1.401543314964776,Occlusion,-8.13,gear24,gear24,8.13,up,1.5346268890659758
AFB1972WRNO,2019-12-17-16-57-37,22,1.401543314964776,Occlusion,-8.13,gear24,gear24,8.13,down,6.2550675202878665
AFB1972WRNO,2019-12-17-16-57-37,22,1.401543314964776,Occlusion,-8.13,gear24,gear24,8.13,up,8.656910107921703
AFB1972WRNO,2019-12-17-16-57-37,22,1.401543314964776,Occlusion,-8.13,gear24,gear24,8.13,down,14.34477020212853
AFB1972WRNO,2019-12-17-16-57-37,22,1.401543314964776,Occlusion,-8.13,gear24,gear24,8.13,up,16.413057716457615
AFB1972WRNO,2019-12-17-16-57-37,22,1.401543314964776,Occlusion,-8.13,gear24,gear24,8.13,down,21.934123635739297
AFB1972WRNO,2019-12-17-16-57-37,22,1.401543314964776,Occlusion,-8.13,gear24,gear24,8.13,up,37.19624018575155
AFB1972WRNO,2019-12-17-16-57-37,22,1.401543314964776,Occlusion,-8.13,gear24,gear24,8.13,down,41.466303299229594
AFB1972WRNO,2019-12-17-16-57-37,22,1.401543314964776,Occlusion,-8.13,gear24,gear24,8.13,up,52.50843544878853
AFB1972WRNO,2019-12-17-16-57-37,22,1.401543314964776,Occlusion,-8.13,gear24,gear24,8.13,end,60.01431793344568
AFB1972WRNO,2019-12-17-16-57-37,23,0.9071075176008295,Occlusion,-8.13,gear24,gear24,32.52,down,1.317786966665608
AFB1972WRNO,2019-12-17-16-57-37,23,0.9071075176008295,Occlusion,-8.13,gear24,gear24,32.52,unclear,2.68553477896603
AFB1972WRNO,2019-12-17-16-57-37,23,0.9071075176008295,Occlusion,-8.13,gear24,gear24,32.52,right,2.7188592178208637
AFB1972WRNO,2019-12-17-16-57-37,23,0.9071075176008295,Occlusion,-8.13,gear24,gear24,32.52,left,3.6696600007837787
AFB1972WRNO,2019-12-17-16-57-37,23,0.9071075176008295,Occlusion,-8.13,gear24,gear24,32.52,right,4.67050653122169
AFB1972WRNO,2019-12-17-16-57-37,23,0.9071075176008295,Occlusion,-8.13,gear24,gear24,32.52,unclear,7.522767999034613
AFB1972WRNO,2019-12-17-16-57-37,23,0.9071075176008295,Occlusion,-8.13,gear24,gear24,32.52,up,7.722890033767953
AFB1972WRNO,2019-12-17-16-57-37,23,0.9071075176008295,Occlusion,-8.13,gear24,gear24,32.52,unclear,7.856277977955415
AFB1972WRNO,2019-12-17-16-57-37,23,0.9071075176008295,Occlusion,-8.13,gear24,gear24,32.52,down,8.13989086537049
AFB1972WRNO,2019-12-17-16-57-37,23,0.9071075176008295,Occlusion,-8.13,gear24,gear24,32.52,left,11.075555174067404
AFB1972WRNO,2019-12-17-16-57-37,23,0.9071075176008295,Occlusion,-8.13,gear24,gear24,32.52,unclear,14.995319824921808
AFB1972WRNO,2019-12-17-16-57-37,23,0.9071075176008295,Occlusion,-8.13,gear24,gear24,32.52,left,15.34557879108479
AFB1972WRNO,2019-12-17-16-57-37,23,0.9071075176008295,Occlusion,-8.13,gear24,gear24,32.52,unclear,15.845976243656423
AFB1972WRNO,2019-12-17-16-57-37,23,0.9071075176008295,Occlusion,-8.13,gear24,gear24,32.52,up,15.896051846723822
AFB1972WRNO,2019-12-17-16-57-37,23,0.9071075176008295,Occlusion,-8.13,gear24,gear24,32.52,unclear,16.94697584620394
AFB1972WRNO,2019-12-17-16-57-37,23,0.9071075176008295,Occlusion,-8.13,gear24,gear24,32.52,down,17.147039724731485
AFB1972WRNO,2019-12-17-16-57-37,23,0.9071075176008295,Occlusion,-8.13,gear24,gear24,32.52,up,19.08192467807271
AFB1972WRNO,2019-12-17-16-57-37,23,0.9071075176008295,Occlusion,-8.13,gear24,gear24,32.52,down,23.385293881656253
AFB1972WRNO,2019-12-17-16-57-37,23,0.9071075176008295,Occlusion,-8.13,gear24,gear24,32.52,up,28.08905052374803
AFB1972WRNO,2019-12-17-16-57-37,23,0.9071075176008295,Occlusion,-8.13,gear24,gear24,32.52,down,43.48460757622979
AFB1972WRNO,2019-12-17-16-57-37,23,0.9071075176008295,Occlusion,-8.13,gear24,gear24,32.52,up,46.82055824981535
AFB1972WRNO,2019-12-17-16-57-37,23,0.9071075176008295,Occlusion,-8.13,gear24,gear24,32.52,down,52.308273295603385
AFB1972WRNO,2019-12-17-16-57-37,23,0.9071075176008295,Occlusion,-8.13,gear24,gear24,32.52,up,57.946087020343384
AFB1972WRNO,2019-12-17-16-57-37,23,0.9071075176008295,Occlusion,-8.13,gear24,gear24,32.52,end,60.014402213294716
AFB1972WRNO,2019-12-17-16-57-37,24,1.398854004257765,Ambiguity,-8.13,gear24-medium,gear24,None,down,0.9174461775201053
AFB1972WRNO,2019-12-17-16-57-37,24,1.398854004257765,Ambiguity,-8.13,gear24-medium,gear24,None,up,6.338418735876758
AFB1972WRNO,2019-12-17-16-57-37,24,1.398854004257765,Ambiguity,-8.13,gear24-medium,gear24,None,down,8.390013553194876
AFB1972WRNO,2019-12-17-16-57-37,24,1.398854004257765,Ambiguity,-8.13,gear24-medium,gear24,None,up,10.141371516147728
AFB1972WRNO,2019-12-17-16-57-37,24,1.398854004257765,Ambiguity,-8.13,gear24-medium,gear24,None,down,12.876937114792781
AFB1972WRNO,2019-12-17-16-57-37,24,1.398854004257765,Ambiguity,-8.13,gear24-medium,gear24,None,up,14.311364904378024
AFB1972WRNO,2019-12-17-16-57-37,24,1.398854004257765,Ambiguity,-8.13,gear24-medium,gear24,None,down,16.746628961541546
AFB1972WRNO,2019-12-17-16-57-37,24,1.398854004257765,Ambiguity,-8.13,gear24-medium,gear24,None,up,18.981728066557935
AFB1972WRNO,2019-12-17-16-57-37,24,1.398854004257765,Ambiguity,-8.13,gear24-medium,gear24,None,down,22.45125390377416
AFB1972WRNO,2019-12-17-16-57-37,24,1.398854004257765,Ambiguity,-8.13,gear24-medium,gear24,None,up,27.338477203078355
AFB1972WRNO,2019-12-17-16-57-37,24,1.398854004257765,Ambiguity,-8.13,gear24-medium,gear24,None,down,32.10892999423413
AFB1972WRNO,2019-12-17-16-57-37,24,1.398854004257765,Ambiguity,-8.13,gear24-medium,gear24,None,left,36.07866606457878
AFB1972WRNO,2019-12-17-16-57-37,24,1.398854004257765,Ambiguity,-8.13,gear24-medium,gear24,None,unclear,36.212108122027075
AFB1972WRNO,2019-12-17-16-57-37,24,1.398854004257765,Ambiguity,-8.13,gear24-medium,gear24,None,down,36.328865568353876
AFB1972WRNO,2019-12-17-16-57-37,24,1.398854004257765,Ambiguity,-8.13,gear24-medium,gear24,None,up,36.41227183019123
AFB1972WRNO,2019-12-17-16-57-37,24,1.398854004257765,Ambiguity,-8.13,gear24-medium,gear24,None,down,42.41702229030943
AFB1972WRNO,2019-12-17-16-57-37,24,1.398854004257765,Ambiguity,-8.13,gear24-medium,gear24,None,up,53.2589935306662
AFB1972WRNO,2019-12-17-16-57-37,24,1.398854004257765,Ambiguity,-8.13,gear24-medium,gear24,None,unclear,54.19371179028417
AFB1972WRNO,2019-12-17-16-57-37,24,1.398854004257765,Ambiguity,-8.13,gear24-medium,gear24,None,left,54.22642201252802
AFB1972WRNO,2019-12-17-16-57-37,24,1.398854004257765,Ambiguity,-8.13,gear24-medium,gear24,None,unclear,58.396395808026
AFB1972WRNO,2019-12-17-16-57-37,24,1.398854004257765,Ambiguity,-8.13,gear24-medium,gear24,None,up,58.47980393583771
AFB1972WRNO,2019-12-17-16-57-37,24,1.398854004257765,Ambiguity,-8.13,gear24-medium,gear24,None,unclear,58.86344269809956
AFB1972WRNO,2019-12-17-16-57-37,24,1.398854004257765,Ambiguity,-8.13,gear24-medium,gear24,None,down,58.8800890567436
AFB1972WRNO,2019-12-17-16-57-37,24,1.398854004257765,Ambiguity,-8.13,gear24-medium,gear24,None,end,60.0142942977684
AFB1972WRNO,2019-12-17-16-57-37,25,0.9927851643714001,Ambiguity,-8.13,gear24,gear24-strong,None,down,1.1176101966800616
AFB1972WRNO,2019-12-17-16-57-37,25,0.9927851643714001,Ambiguity,-8.13,gear24,gear24-strong,None,up,3.986563117520973
AFB1972WRNO,2019-12-17-16-57-37,25,0.9927851643714001,Ambiguity,-8.13,gear24,gear24-strong,None,down,9.90788243614179
AFB1972WRNO,2019-12-17-16-57-37,25,0.9927851643714001,Ambiguity,-8.13,gear24,gear24-strong,None,unclear,17.947683983532215
AFB1972WRNO,2019-12-17-16-57-37,25,0.9927851643714001,Ambiguity,-8.13,gear24,gear24-strong,None,down,19.165289888470852
AFB1972WRNO,2019-12-17-16-57-37,25,0.9927851643714001,Ambiguity,-8.13,gear24,gear24-strong,None,up,20.599723275979613
AFB1972WRNO,2019-12-17-16-57-37,25,0.9927851643714001,Ambiguity,-8.13,gear24,gear24-strong,None,down,25.65375785497531
AFB1972WRNO,2019-12-17-16-57-37,25,0.9927851643714001,Ambiguity,-8.13,gear24,gear24-strong,None,right,33.09300452374441
AFB1972WRNO,2019-12-17-16-57-37,25,0.9927851643714001,Ambiguity,-8.13,gear24,gear24-strong,None,unclear,36.228840315499156
AFB1972WRNO,2019-12-17-16-57-37,25,0.9927851643714001,Ambiguity,-8.13,gear24,gear24-strong,None,up,36.62916835381861
AFB1972WRNO,2019-12-17-16-57-37,25,0.9927851643714001,Ambiguity,-8.13,gear24,gear24-strong,None,down,40.73235332351851
AFB1972WRNO,2019-12-17-16-57-37,25,0.9927851643714001,Ambiguity,-8.13,gear24,gear24-strong,None,right,41.54969525526235
AFB1972WRNO,2019-12-17-16-57-37,25,0.9927851643714001,Ambiguity,-8.13,gear24,gear24-strong,None,up,42.967507474782906
AFB1972WRNO,2019-12-17-16-57-37,25,0.9927851643714001,Ambiguity,-8.13,gear24,gear24-strong,None,down,50.55690942373121
AFB1972WRNO,2019-12-17-16-57-37,25,0.9927851643714001,Ambiguity,-8.13,gear24,gear24-strong,None,unclear,51.02390064556516
AFB1972WRNO,2019-12-17-16-57-37,25,0.9927851643714001,Ambiguity,-8.13,gear24,gear24-strong,None,right,51.07393488619732
AFB1972WRNO,2019-12-17-16-57-37,25,0.9927851643714001,Ambiguity,-8.13,gear24,gear24-strong,None,down,58.79681216913946
AFB1972WRNO,2019-12-17-16-57-37,25,0.9927851643714001,Ambiguity,-8.13,gear24,gear24-strong,None,end,60.014353697957404
AFB1972WRNO,2019-12-17-16-57-37,26,1.158160427623851,Separation,65.04,gear24,gear24,None,down,1.4678707178215973
AFB1972WRNO,2019-12-17-16-57-37,26,1.158160427623851,Separation,65.04,gear24,gear24,None,unclear,3.035756114642936
AFB1972WRNO,2019-12-17-16-57-37,26,1.158160427623851,Separation,65.04,gear24,gear24,None,left,3.2025552654999956
AFB1972WRNO,2019-12-17-16-57-37,26,1.158160427623851,Separation,65.04,gear24,gear24,None,right,5.254134222034736
AFB1972WRNO,2019-12-17-16-57-37,26,1.158160427623851,Separation,65.04,gear24,gear24,None,left,7.20573737403879
AFB1972WRNO,2019-12-17-16-57-37,26,1.158160427623851,Separation,65.04,gear24,gear24,None,right,13.927716501247914
AFB1972WRNO,2019-12-17-16-57-37,26,1.158160427623851,Separation,65.04,gear24,gear24,None,left,19.24865509886854
AFB1972WRNO,2019-12-17-16-57-37,26,1.158160427623851,Separation,65.04,gear24,gear24,None,right,25.003215696079906
AFB1972WRNO,2019-12-17-16-57-37,26,1.158160427623851,Separation,65.04,gear24,gear24,None,up,28.205718714293653
AFB1972WRNO,2019-12-17-16-57-37,26,1.158160427623851,Separation,65.04,gear24,gear24,None,left,31.55842335105376
AFB1972WRNO,2019-12-17-16-57-37,26,1.158160427623851,Separation,65.04,gear24,gear24,None,right,33.826918734943774
AFB1972WRNO,2019-12-17-16-57-37,26,1.158160427623851,Separation,65.04,gear24,gear24,None,up,36.32895544612643
AFB1972WRNO,2019-12-17-16-57-37,26,1.158160427623851,Separation,65.04,gear24,gear24,None,down,40.49884091883064
AFB1972WRNO,2019-12-17-16-57-37,26,1.158160427623851,Separation,65.04,gear24,gear24,None,up,49.522678743253664
AFB1972WRNO,2019-12-17-16-57-37,26,1.158160427623851,Separation,65.04,gear24,gear24,None,left,50.55683416275883
AFB1972WRNO,2019-12-17-16-57-37,26,1.158160427623851,Separation,65.04,gear24,gear24,None,up,55.1938321456405
AFB1972WRNO,2019-12-17-16-57-37,26,1.158160427623851,Separation,65.04,gear24,gear24,None,end,60.01436147285108
AFB1972WRNO,2019-12-17-16-57-37,27,0.8362637064354916,Separation,65.04,gear24,gear24,None,down,1.2677238034282254
AFB1972WRNO,2019-12-17-16-57-37,27,0.8362637064354916,Separation,65.04,gear24,gear24,None,up,4.353568271964377
AFB1972WRNO,2019-12-17-16-57-37,27,0.8362637064354916,Separation,65.04,gear24,gear24,None,down,6.388903298358628
AFB1972WRNO,2019-12-17-16-57-37,27,0.8362637064354916,Separation,65.04,gear24,gear24,None,up,9.874583498938364
AFB1972WRNO,2019-12-17-16-57-37,27,0.8362637064354916,Separation,65.04,gear24,gear24,None,down,12.626750983834881
AFB1972WRNO,2019-12-17-16-57-37,27,0.8362637064354916,Separation,65.04,gear24,gear24,None,up,15.629145962124312
AFB1972WRNO,2019-12-17-16-57-37,27,0.8362637064354916,Separation,65.04,gear24,gear24,None,down,17.964327232218466
AFB1972WRNO,2019-12-17-16-57-37,27,0.8362637064354916,Separation,65.04,gear24,gear24,None,up,20.082632504405183
AFB1972WRNO,2019-12-17-16-57-37,27,0.8362637064354916,Separation,65.04,gear24,gear24,None,left,22.067578133017832
AFB1972WRNO,2019-12-17-16-57-37,27,0.8362637064354916,Separation,65.04,gear24,gear24,None,unclear,24.336080669810144
AFB1972WRNO,2019-12-17-16-57-37,27,0.8362637064354916,Separation,65.04,gear24,gear24,None,up,24.35272360750082
AFB1972WRNO,2019-12-17-16-57-37,27,0.8362637064354916,Separation,65.04,gear24,gear24,None,down,25.036589272263654
AFB1972WRNO,2019-12-17-16-57-37,27,0.8362637064354916,Separation,65.04,gear24,gear24,None,left,40.73236047642058
AFB1972WRNO,2019-12-17-16-57-37,27,0.8362637064354916,Separation,65.04,gear24,gear24,None,down,45.886521070895014
AFB1972WRNO,2019-12-17-16-57-37,27,0.8362637064354916,Separation,65.04,gear24,gear24,None,up,58.34642532152293
AFB1972WRNO,2019-12-17-16-57-37,27,0.8362637064354916,Separation,65.04,gear24,gear24,None,left,59.44737267678397
AFB1972WRNO,2019-12-17-16-57-37,27,0.8362637064354916,Separation,65.04,gear24,gear24,None,end,60.01431326850934
AFB1972WRNO,2019-12-17-16-57-37,28,1.4263407922160147,Ambiguity,-8.13,gear24-strong,gear24,None,down,0.9341055979857629
AFB1972WRNO,2019-12-17-16-57-37,28,1.4263407922160147,Ambiguity,-8.13,gear24-strong,gear24,None,right,5.170862310362509
AFB1972WRNO,2019-12-17-16-57-37,28,1.4263407922160147,Ambiguity,-8.13,gear24-strong,gear24,None,down,12.810214220094167
AFB1972WRNO,2019-12-17-16-57-37,28,1.4263407922160147,Ambiguity,-8.13,gear24-strong,gear24,None,up,22.668036291960334
AFB1972WRNO,2019-12-17-16-57-37,28,1.4263407922160147,Ambiguity,-8.13,gear24-strong,gear24,None,unclear,27.60530751570991
AFB1972WRNO,2019-12-17-16-57-37,28,1.4263407922160147,Ambiguity,-8.13,gear24-strong,gear24,None,down,27.62197782102703
AFB1972WRNO,2019-12-17-16-57-37,28,1.4263407922160147,Ambiguity,-8.13,gear24-strong,gear24,None,up,30.974621191623783
AFB1972WRNO,2019-12-17-16-57-37,28,1.4263407922160147,Ambiguity,-8.13,gear24-strong,gear24,None,down,32.175591622769616
AFB1972WRNO,2019-12-17-16-57-37,28,1.4263407922160147,Ambiguity,-8.13,gear24-strong,gear24,None,up,33.69348196442343
AFB1972WRNO,2019-12-17-16-57-37,28,1.4263407922160147,Ambiguity,-8.13,gear24-strong,gear24,None,down,34.994470184526335
AFB1972WRNO,2019-12-17-16-57-37,28,1.4263407922160147,Ambiguity,-8.13,gear24-strong,gear24,None,up,36.54571264365677
AFB1972WRNO,2019-12-17-16-57-37,28,1.4263407922160147,Ambiguity,-8.13,gear24-strong,gear24,None,down,37.88016960464347
AFB1972WRNO,2019-12-17-16-57-37,28,1.4263407922160147,Ambiguity,-8.13,gear24-strong,gear24,None,up,45.13593748736571
AFB1972WRNO,2019-12-17-16-57-37,28,1.4263407922160147,Ambiguity,-8.13,gear24-strong,gear24,None,down,47.204193280128266
AFB1972WRNO,2019-12-17-16-57-37,28,1.4263407922160147,Ambiguity,-8.13,gear24-strong,gear24,None,up,54.426575457832314
AFB1972WRNO,2019-12-17-16-57-37,28,1.4263407922160147,Ambiguity,-8.13,gear24-strong,gear24,None,down,55.894445864658564
AFB1972WRNO,2019-12-17-16-57-37,28,1.4263407922160147,Ambiguity,-8.13,gear24-strong,gear24,None,end,60.01437173571094
AFB1972WRNO,2019-12-17-16-57-37,29,1.3757910225010872,Ambiguity,-8.13,gear24,gear24-medium,None,up,1.0842192047339267
AFB1972WRNO,2019-12-17-16-57-37,29,1.3757910225010872,Ambiguity,-8.13,gear24,gear24-medium,None,down,10.658530084795984
AFB1972WRNO,2019-12-17-16-57-37,29,1.3757910225010872,Ambiguity,-8.13,gear24,gear24-medium,None,up,16.279637117715993
AFB1972WRNO,2019-12-17-16-57-37,29,1.3757910225010872,Ambiguity,-8.13,gear24,gear24-medium,None,down,28.739486322095672
AFB1972WRNO,2019-12-17-16-57-37,29,1.3757910225010872,Ambiguity,-8.13,gear24,gear24-medium,None,up,31.34154921912068
AFB1972WRNO,2019-12-17-16-57-37,29,1.3757910225010872,Ambiguity,-8.13,gear24,gear24-medium,None,down,33.14301637268227
AFB1972WRNO,2019-12-17-16-57-37,29,1.3757910225010872,Ambiguity,-8.13,gear24,gear24-medium,None,up,34.52741862951643
AFB1972WRNO,2019-12-17-16-57-37,29,1.3757910225010872,Ambiguity,-8.13,gear24,gear24-medium,None,down,42.23354070530104
AFB1972WRNO,2019-12-17-16-57-37,29,1.3757910225010872,Ambiguity,-8.13,gear24,gear24-medium,None,up,47.88801385050692
AFB1972WRNO,2019-12-17-16-57-37,29,1.3757910225010872,Ambiguity,-8.13,gear24,gear24-medium,None,down,53.02549169983422
AFB1972WRNO,2019-12-17-16-57-37,29,1.3757910225010872,Ambiguity,-8.13,gear24,gear24-medium,None,up,55.777626841172605
AFB1972WRNO,2019-12-17-16-57-37,29,1.3757910225010872,Ambiguity,-8.13,gear24,gear24-medium,None,down,58.429734863681006
AFB1972WRNO,2019-12-17-16-57-37,29,1.3757910225010872,Ambiguity,-8.13,gear24,gear24-medium,None,end,60.01435089899542
AFB1972WRNO,2019-12-17-16-57-37,30,0.9352074853095441,Occlusion,-8.13,gear24,gear24,32.52,down,1.5179562727530538
AFB1972WRNO,2019-12-17-16-57-37,30,0.9352074853095441,Occlusion,-8.13,gear24,gear24,32.52,right,2.7022293419513517
AFB1972WRNO,2019-12-17-16-57-37,30,0.9352074853095441,Occlusion,-8.13,gear24,gear24,32.52,unclear,4.053281658279047
AFB1972WRNO,2019-12-17-16-57-37,30,0.9352074853095441,Occlusion,-8.13,gear24,gear24,32.52,left,4.086644349611561
AFB1972WRNO,2019-12-17-16-57-37,30,0.9352074853095441,Occlusion,-8.13,gear24,gear24,32.52,right,4.170057453355184
AFB1972WRNO,2019-12-17-16-57-37,30,0.9352074853095441,Occlusion,-8.13,gear24,gear24,32.52,up,4.370215252599792
AFB1972WRNO,2019-12-17-16-57-37,30,0.9352074853095441,Occlusion,-8.13,gear24,gear24,32.52,left,12.476669409649276
AFB1972WRNO,2019-12-17-16-57-37,30,0.9352074853095441,Occlusion,-8.13,gear24,gear24,32.52,down,15.712572127689782
AFB1972WRNO,2019-12-17-16-57-37,30,0.9352074853095441,Occlusion,-8.13,gear24,gear24,32.52,up,31.37502262494081
AFB1972WRNO,2019-12-17-16-57-37,30,0.9352074853095441,Occlusion,-8.13,gear24,gear24,32.52,down,37.88012202229311
AFB1972WRNO,2019-12-17-16-57-37,30,0.9352074853095441,Occlusion,-8.13,gear24,gear24,32.52,up,42.85083741826247
AFB1972WRNO,2019-12-17-16-57-37,30,0.9352074853095441,Occlusion,-8.13,gear24,gear24,32.52,down,46.98746127325376
AFB1972WRNO,2019-12-17-16-57-37,30,0.9352074853095441,Occlusion,-8.13,gear24,gear24,32.52,up,50.07366152093073
AFB1972WRNO,2019-12-17-16-57-37,30,0.9352074853095441,Occlusion,-8.13,gear24,gear24,32.52,down,53.792808409822555
AFB1972WRNO,2019-12-17-16-57-37,30,0.9352074853095441,Occlusion,-8.13,gear24,gear24,32.52,up,55.761003185218215
AFB1972WRNO,2019-12-17-16-57-37,30,0.9352074853095441,Occlusion,-8.13,gear24,gear24,32.52,down,59.16372464684855
AFB1972WRNO,2019-12-17-16-57-37,30,0.9352074853095441,Occlusion,-8.13,gear24,gear24,32.52,end,60.01433659319082
AFB1972WRNO,2019-12-17-16-57-37,31,1.406034166952722,Occlusion,-8.13,gear24,gear24,8.13,up,1.3010846287861568
AFB1972WRNO,2019-12-17-16-57-37,31,1.406034166952722,Occlusion,-8.13,gear24,gear24,8.13,down,4.386827712707145
AFB1972WRNO,2019-12-17-16-57-37,31,1.406034166952722,Occlusion,-8.13,gear24,gear24,8.13,up,6.62212119006881
AFB1972WRNO,2019-12-17-16-57-37,31,1.406034166952722,Occlusion,-8.13,gear24,gear24,8.13,down,9.207345533075113
AFB1972WRNO,2019-12-17-16-57-37,31,1.406034166952722,Occlusion,-8.13,gear24,gear24,8.13,up,11.409085989703726
AFB1972WRNO,2019-12-17-16-57-37,31,1.406034166952722,Occlusion,-8.13,gear24,gear24,8.13,down,15.645808803543332
AFB1972WRNO,2019-12-17-16-57-37,31,1.406034166952722,Occlusion,-8.13,gear24,gear24,8.13,up,20.199375955923188
AFB1972WRNO,2019-12-17-16-57-37,31,1.406034166952722,Occlusion,-8.13,gear24,gear24,8.13,down,27.05485716276098
AFB1972WRNO,2019-12-17-16-57-37,31,1.406034166952722,Occlusion,-8.13,gear24,gear24,8.13,up,32.09221241756313
AFB1972WRNO,2019-12-17-16-57-37,31,1.406034166952722,Occlusion,-8.13,gear24,gear24,8.13,down,37.09611945720053
AFB1972WRNO,2019-12-17-16-57-37,31,1.406034166952722,Occlusion,-8.13,gear24,gear24,8.13,up,41.16603752225956
AFB1972WRNO,2019-12-17-16-57-37,31,1.406034166952722,Occlusion,-8.13,gear24,gear24,8.13,down,45.68635456376978
AFB1972WRNO,2019-12-17-16-57-37,31,1.406034166952722,Occlusion,-8.13,gear24,gear24,8.13,up,50.57349700417808
AFB1972WRNO,2019-12-17-16-57-37,31,1.406034166952722,Occlusion,-8.13,gear24,gear24,8.13,down,52.75913845468722
AFB1972WRNO,2019-12-17-16-57-37,31,1.406034166952722,Occlusion,-8.13,gear24,gear24,8.13,up,59.09693364408031
AFB1972WRNO,2019-12-17-16-57-37,31,1.406034166952722,Occlusion,-8.13,gear24,gear24,8.13,end,60.01430953656018
AFB1972WRNO,2019-12-17-16-57-37,32,1.117871359879005,Separation,32.52,gear24,gear24,None,down,0.9508499202920575
AFB1972WRNO,2019-12-17-16-57-37,32,1.117871359879005,Separation,32.52,gear24,gear24,None,up,9.191158204161184
AFB1972WRNO,2019-12-17-16-57-37,32,1.117871359879005,Separation,32.52,gear24,gear24,None,unclear,10.84201975569431
AFB1972WRNO,2019-12-17-16-57-37,32,1.117871359879005,Separation,32.52,gear24,gear24,None,left,10.842073246963537
AFB1972WRNO,2019-12-17-16-57-37,32,1.117871359879005,Separation,32.52,gear24,gear24,None,unclear,11.242358678865457
AFB1972WRNO,2019-12-17-16-57-37,32,1.117871359879005,Separation,32.52,gear24,gear24,None,up,12.043358094815176
AFB1972WRNO,2019-12-17-16-57-37,32,1.117871359879005,Separation,32.52,gear24,gear24,None,down,14.361529452231025
AFB1972WRNO,2019-12-17-16-57-37,32,1.117871359879005,Separation,32.52,gear24,gear24,None,up,19.61569695081107
AFB1972WRNO,2019-12-17-16-57-37,32,1.117871359879005,Separation,32.52,gear24,gear24,None,down,28.32255919648651
AFB1972WRNO,2019-12-17-16-57-37,32,1.117871359879005,Separation,32.52,gear24,gear24,None,up,32.726080539192026
AFB1972WRNO,2019-12-17-16-57-37,32,1.117871359879005,Separation,32.52,gear24,gear24,None,down,36.645800717653856
AFB1972WRNO,2019-12-17-16-57-37,32,1.117871359879005,Separation,32.52,gear24,gear24,None,up,40.899237998207354
AFB1972WRNO,2019-12-17-16-57-37,32,1.117871359879005,Separation,32.52,gear24,gear24,None,down,44.48545255168938
AFB1972WRNO,2019-12-17-16-57-37,32,1.117871359879005,Separation,32.52,gear24,gear24,None,up,54.8772244748684
AFB1972WRNO,2019-12-17-16-57-37,32,1.117871359879005,Separation,32.52,gear24,gear24,None,down,58.11287310937905
AFB1972WRNO,2019-12-17-16-57-37,32,1.117871359879005,Separation,32.52,gear24,gear24,None,up,59.3638927089537
AFB1972WRNO,2019-12-17-16-57-37,32,1.117871359879005,Separation,32.52,gear24,gear24,None,end,60.01437764463026
AFB1972WRNO,2019-12-17-16-57-37,33,0.9560141065650885,Ambiguity,-8.13,gear24,gear24-medium-strong,None,down,0.967503431838395
AFB1972WRNO,2019-12-17-16-57-37,33,0.9560141065650885,Ambiguity,-8.13,gear24,gear24-medium-strong,None,up,9.474193261468827
AFB1972WRNO,2019-12-17-16-57-37,33,0.9560141065650885,Ambiguity,-8.13,gear24,gear24-medium-strong,None,down,15.195440304676595
AFB1972WRNO,2019-12-17-16-57-37,33,0.9560141065650885,Ambiguity,-8.13,gear24,gear24-medium-strong,None,right,17.130319038102698
AFB1972WRNO,2019-12-17-16-57-37,33,0.9560141065650885,Ambiguity,-8.13,gear24,gear24-medium-strong,None,up,19.148645706797197
AFB1972WRNO,2019-12-17-16-57-37,33,0.9560141065650885,Ambiguity,-8.13,gear24,gear24-medium-strong,None,left,21.00006810807008
AFB1972WRNO,2019-12-17-16-57-37,33,0.9560141065650885,Ambiguity,-8.13,gear24,gear24-medium-strong,None,unclear,22.401134139310216
AFB1972WRNO,2019-12-17-16-57-37,33,0.9560141065650885,Ambiguity,-8.13,gear24,gear24-medium-strong,None,down,22.451213163330976
AFB1972WRNO,2019-12-17-16-57-37,33,0.9560141065650885,Ambiguity,-8.13,gear24,gear24-medium-strong,None,right,26.087444230686742
AFB1972WRNO,2019-12-17-16-57-37,33,0.9560141065650885,Ambiguity,-8.13,gear24,gear24-medium-strong,None,up,27.58862166060544
AFB1972WRNO,2019-12-17-16-57-37,33,0.9560141065650885,Ambiguity,-8.13,gear24,gear24-medium-strong,None,unclear,35.71178406445324
AFB1972WRNO,2019-12-17-16-57-37,33,0.9560141065650885,Ambiguity,-8.13,gear24,gear24-medium-strong,None,right,35.71183382377376
AFB1972WRNO,2019-12-17-16-57-37,33,0.9560141065650885,Ambiguity,-8.13,gear24,gear24-medium-strong,None,down,37.14620967706833
AFB1972WRNO,2019-12-17-16-57-37,33,0.9560141065650885,Ambiguity,-8.13,gear24,gear24-medium-strong,None,up,38.93097387075886
AFB1972WRNO,2019-12-17-16-57-37,33,0.9560141065650885,Ambiguity,-8.13,gear24,gear24-medium-strong,None,down,42.40037997461059
AFB1972WRNO,2019-12-17-16-57-37,33,0.9560141065650885,Ambiguity,-8.13,gear24,gear24-medium-strong,None,up,45.16924171149685
AFB1972WRNO,2019-12-17-16-57-37,33,0.9560141065650885,Ambiguity,-8.13,gear24,gear24-medium-strong,None,right,49.00558766068389
AFB1972WRNO,2019-12-17-16-57-37,33,0.9560141065650885,Ambiguity,-8.13,gear24,gear24-medium-strong,None,left,56.71169947360886
AFB1972WRNO,2019-12-17-16-57-37,33,0.9560141065650885,Ambiguity,-8.13,gear24,gear24-medium-strong,None,up,59.99771200424948
AFB1972WRNO,2019-12-17-16-57-37,33,0.9560141065650885,Ambiguity,-8.13,gear24,gear24-medium-strong,None,end,60.01428092495098
AFB1972WRNO,2019-12-17-16-57-37,34,1.0599298056969602,Separation,8.13,gear24,gear24,None,down,1.0508798380833468
AFB1972WRNO,2019-12-17-16-57-37,34,1.0599298056969602,Separation,8.13,gear24,gear24,None,up,8.556808661107425
AFB1972WRNO,2019-12-17-16-57-37,34,1.0599298056969602,Separation,8.13,gear24,gear24,None,down,10.575115115078006
AFB1972WRNO,2019-12-17-16-57-37,34,1.0599298056969602,Separation,8.13,gear24,gear24,None,up,14.494916152435053
AFB1972WRNO,2019-12-17-16-57-37,34,1.0599298056969602,Separation,8.13,gear24,gear24,None,down,18.681568650135432
AFB1972WRNO,2019-12-17-16-57-37,34,1.0599298056969602,Separation,8.13,gear24,gear24,None,up,27.455171517267445
AFB1972WRNO,2019-12-17-16-57-37,34,1.0599298056969602,Separation,8.13,gear24,gear24,None,down,30.09064686494503
AFB1972WRNO,2019-12-17-16-57-37,34,1.0599298056969602,Separation,8.13,gear24,gear24,None,up,31.525051640844595
AFB1972WRNO,2019-12-17-16-57-37,34,1.0599298056969602,Separation,8.13,gear24,gear24,None,down,33.99368616423453
AFB1972WRNO,2019-12-17-16-57-37,34,1.0599298056969602,Separation,8.13,gear24,gear24,None,up,40.06518253273725
AFB1972WRNO,2019-12-17-16-57-37,34,1.0599298056969602,Separation,8.13,gear24,gear24,None,down,44.90241481981866
AFB1972WRNO,2019-12-17-16-57-37,34,1.0599298056969602,Separation,8.13,gear24,gear24,None,up,48.438486906145954
AFB1972WRNO,2019-12-17-16-57-37,34,1.0599298056969602,Separation,8.13,gear24,gear24,None,down,50.95717899484953
AFB1972WRNO,2019-12-17-16-57-37,34,1.0599298056969602,Separation,8.13,gear24,gear24,None,up,56.92859071030807
AFB1972WRNO,2019-12-17-16-57-37,34,1.0599298056969602,Separation,8.13,gear24,gear24,None,end,60.01450328691408
AFB1972WRNO,2019-12-17-16-57-37,35,1.4342134466691325,Control,-8.13,gear24,gear24,None,up,1.2677527260329953
AFB1972WRNO,2019-12-17-16-57-37,35,1.4342134466691325,Control,-8.13,gear24,gear24,None,down,5.637855709166615
AFB1972WRNO,2019-12-17-16-57-37,35,1.4342134466691325,Control,-8.13,gear24,gear24,None,up,8.77367999407852
AFB1972WRNO,2019-12-17-16-57-37,35,1.4342134466691325,Control,-8.13,gear24,gear24,None,down,11.776053202665025
AFB1972WRNO,2019-12-17-16-57-37,35,1.4342134466691325,Control,-8.13,gear24,gear24,None,up,13.727611571281159
AFB1972WRNO,2019-12-17-16-57-37,35,1.4342134466691325,Control,-8.13,gear24,gear24,None,down,15.729246164955839
AFB1972WRNO,2019-12-17-16-57-37,35,1.4342134466691325,Control,-8.13,gear24,gear24,None,up,24.35268691000192
AFB1972WRNO,2019-12-17-16-57-37,35,1.4342134466691325,Control,-8.13,gear24,gear24,None,down,30.574336692709494
AFB1972WRNO,2019-12-17-16-57-37,35,1.4342134466691325,Control,-8.13,gear24,gear24,None,up,35.6116197964966
AFB1972WRNO,2019-12-17-16-57-37,35,1.4342134466691325,Control,-8.13,gear24,gear24,None,down,41.366198431461726
AFB1972WRNO,2019-12-17-16-57-37,35,1.4342134466691325,Control,-8.13,gear24,gear24,None,up,49.27248701437202
AFB1972WRNO,2019-12-17-16-57-37,35,1.4342134466691325,Control,-8.13,gear24,gear24,None,down,54.710195809145716
AFB1972WRNO,2019-12-17-16-57-37,35,1.4342134466691325,Control,-8.13,gear24,gear24,None,up,55.994516833889065
AFB1972WRNO,2019-12-17-16-57-37,35,1.4342134466691325,Control,-8.13,gear24,gear24,None,down,58.79673784115448
AFB1972WRNO,2019-12-17-16-57-37,35,1.4342134466691325,Control,-8.13,gear24,gear24,None,end,60.01429802971779
AFB1972WRNO,2019-12-17-16-57-37,36,1.335253772749448,Occlusion,-8.13,gear24,gear24,16.26,up,0.9841625413077963
AFB1972WRNO,2019-12-17-16-57-37,36,1.335253772749448,Occlusion,-8.13,gear24,gear24,16.26,right,2.685491550556435
AFB1972WRNO,2019-12-17-16-57-37,36,1.335253772749448,Occlusion,-8.13,gear24,gear24,16.26,up,4.32013218563452
AFB1972WRNO,2019-12-17-16-57-37,36,1.335253772749448,Occlusion,-8.13,gear24,gear24,16.26,left,5.354293203063207
AFB1972WRNO,2019-12-17-16-57-37,36,1.335253772749448,Occlusion,-8.13,gear24,gear24,16.26,up,6.388422498925593
AFB1972WRNO,2019-12-17-16-57-37,36,1.335253772749448,Occlusion,-8.13,gear24,gear24,16.26,right,8.30668037535952
AFB1972WRNO,2019-12-17-16-57-37,36,1.335253772749448,Occlusion,-8.13,gear24,gear24,16.26,left,9.390862260603171
AFB1972WRNO,2019-12-17-16-57-37,36,1.335253772749448,Occlusion,-8.13,gear24,gear24,16.26,up,13.827659837822011
AFB1972WRNO,2019-12-17-16-57-37,36,1.335253772749448,Occlusion,-8.13,gear24,gear24,16.26,down,18.247865169657416
AFB1972WRNO,2019-12-17-16-57-37,36,1.335253772749448,Occlusion,-8.13,gear24,gear24,16.26,up,19.515531127875875
AFB1972WRNO,2019-12-17-16-57-37,36,1.335253772749448,Occlusion,-8.13,gear24,gear24,16.26,down,21.700622426898917
AFB1972WRNO,2019-12-17-16-57-37,36,1.335253772749448,Occlusion,-8.13,gear24,gear24,16.26,right,24.919823429051576
AFB1972WRNO,2019-12-17-16-57-37,36,1.335253772749448,Occlusion,-8.13,gear24,gear24,16.26,down,32.39239484767131
AFB1972WRNO,2019-12-17-16-57-37,36,1.335253772749448,Occlusion,-8.13,gear24,gear24,16.26,up,44.95236571358919
AFB1972WRNO,2019-12-17-16-57-37,36,1.335253772749448,Occlusion,-8.13,gear24,gear24,16.26,down,50.99052022747446
AFB1972WRNO,2019-12-17-16-57-37,36,1.335253772749448,Occlusion,-8.13,gear24,gear24,16.26,end,60.01434810003366
AFB1972WRNO,2019-12-17-16-57-37,37,1.1396647154257349,Separation,0.0,gear24,gear24,None,up,1.117660888987757
AFB1972WRNO,2019-12-17-16-57-37,37,1.1396647154257349,Separation,0.0,gear24,gear24,None,down,3.5529028654527792
AFB1972WRNO,2019-12-17-16-57-37,37,1.1396647154257349,Separation,0.0,gear24,gear24,None,up,7.189125224927466
AFB1972WRNO,2019-12-17-16-57-37,37,1.1396647154257349,Separation,0.0,gear24,gear24,None,down,8.890466052014744
AFB1972WRNO,2019-12-17-16-57-37,37,1.1396647154257349,Separation,0.0,gear24,gear24,None,up,14.261393173891975
AFB1972WRNO,2019-12-17-16-57-37,37,1.1396647154257349,Separation,0.0,gear24,gear24,None,down,21.36707326251326
AFB1972WRNO,2019-12-17-16-57-37,37,1.1396647154257349,Separation,0.0,gear24,gear24,None,up,29.10655554166442
AFB1972WRNO,2019-12-17-16-57-37,37,1.1396647154257349,Separation,0.0,gear24,gear24,None,down,30.491022174619047
AFB1972WRNO,2019-12-17-16-57-37,37,1.1396647154257349,Separation,0.0,gear24,gear24,None,right,32.30907815261071
AFB1972WRNO,2019-12-17-16-57-37,37,1.1396647154257349,Separation,0.0,gear24,gear24,None,unclear,33.57679915707695
AFB1972WRNO,2019-12-17-16-57-37,37,1.1396647154257349,Separation,0.0,gear24,gear24,None,down,33.576848605401665
AFB1972WRNO,2019-12-17-16-57-37,37,1.1396647154257349,Separation,0.0,gear24,gear24,None,up,34.86111644987159
AFB1972WRNO,2019-12-17-16-57-37,37,1.1396647154257349,Separation,0.0,gear24,gear24,None,down,40.31542837487905
AFB1972WRNO,2019-12-17-16-57-37,37,1.1396647154257349,Separation,0.0,gear24,gear24,None,right,41.5831080169105
AFB1972WRNO,2019-12-17-16-57-37,37,1.1396647154257349,Separation,0.0,gear24,gear24,None,up,42.95087262298148
AFB1972WRNO,2019-12-17-16-57-37,37,1.1396647154257349,Separation,0.0,gear24,gear24,None,right,44.18517371289727
AFB1972WRNO,2019-12-17-16-57-37,37,1.1396647154257349,Separation,0.0,gear24,gear24,None,down,45.052518163706736
AFB1972WRNO,2019-12-17-16-57-37,37,1.1396647154257349,Separation,0.0,gear24,gear24,None,up,46.55371891830691
AFB1972WRNO,2019-12-17-16-57-37,37,1.1396647154257349,Separation,0.0,gear24,gear24,None,down,47.954814183147846
AFB1972WRNO,2019-12-17-16-57-37,37,1.1396647154257349,Separation,0.0,gear24,gear24,None,up,49.53945043318572
AFB1972WRNO,2019-12-17-16-57-37,37,1.1396647154257349,Separation,0.0,gear24,gear24,None,down,50.74078193040032
AFB1972WRNO,2019-12-17-16-57-37,37,1.1396647154257349,Separation,0.0,gear24,gear24,None,up,57.29557627201939
AFB1972WRNO,2019-12-17-16-57-37,37,1.1396647154257349,Separation,0.0,gear24,gear24,None,end,60.014372979694144
AFB1972WRNO,2019-12-17-16-57-37,38,1.0845924901404165,Ambiguity,-8.13,gear24-weak,gear24,None,down,1.000816674845737
AFB1972WRNO,2019-12-17-16-57-37,38,1.0845924901404165,Ambiguity,-8.13,gear24-weak,gear24,None,up,8.37336408459305
AFB1972WRNO,2019-12-17-16-57-37,38,1.0845924901404165,Ambiguity,-8.13,gear24-weak,gear24,None,down,17.89759967258351
AFB1972WRNO,2019-12-17-16-57-37,38,1.0845924901404165,Ambiguity,-8.13,gear24-weak,gear24,None,up,24.3694113285801
AFB1972WRNO,2019-12-17-16-57-37,38,1.0845924901404165,Ambiguity,-8.13,gear24-weak,gear24,None,down,26.304249010566764
AFB1972WRNO,2019-12-17-16-57-37,38,1.0845924901404165,Ambiguity,-8.13,gear24-weak,gear24,None,up,28.00561565030148
AFB1972WRNO,2019-12-17-16-57-37,38,1.0845924901404165,Ambiguity,-8.13,gear24-weak,gear24,None,down,29.356690358322794
AFB1972WRNO,2019-12-17-16-57-37,38,1.0845924901404165,Ambiguity,-8.13,gear24-weak,gear24,None,up,31.475052853727902
AFB1972WRNO,2019-12-17-16-57-37,38,1.0845924901404165,Ambiguity,-8.13,gear24-weak,gear24,None,down,33.0263354313106
AFB1972WRNO,2019-12-17-16-57-37,38,1.0845924901404165,Ambiguity,-8.13,gear24-weak,gear24,None,up,43.80155236639757
AFB1972WRNO,2019-12-17-16-57-37,38,1.0845924901404165,Ambiguity,-8.13,gear24-weak,gear24,None,down,48.021499758356185
AFB1972WRNO,2019-12-17-16-57-37,38,1.0845924901404165,Ambiguity,-8.13,gear24-weak,gear24,None,up,51.807915028496154
AFB1972WRNO,2019-12-17-16-57-37,38,1.0845924901404165,Ambiguity,-8.13,gear24-weak,gear24,None,down,55.71093162509578
AFB1972WRNO,2019-12-17-16-57-37,38,1.0845924901404165,Ambiguity,-8.13,gear24-weak,gear24,None,end,60.01432726331814
AFB1972WRNO,2019-12-17-16-57-37,39,1.4773665942577434,Occlusion,-8.13,gear24,gear24,65.04,down,1.0508490495035403
AFB1972WRNO,2019-12-17-16-57-37,39,1.4773665942577434,Occlusion,-8.13,gear24,gear24,65.04,left,2.8356350128970007
AFB1972WRNO,2019-12-17-16-57-37,39,1.4773665942577434,Occlusion,-8.13,gear24,gear24,65.04,right,13.327254299360447
AFB1972WRNO,2019-12-17-16-57-37,39,1.4773665942577434,Occlusion,-8.13,gear24,gear24,65.04,left,14.828491751459751
AFB1972WRNO,2019-12-17-16-57-37,39,1.4773665942577434,Occlusion,-8.13,gear24,gear24,65.04,up,16.6465744750858
AFB1972WRNO,2019-12-17-16-57-37,39,1.4773665942577434,Occlusion,-8.13,gear24,gear24,65.04,unclear,17.54729405705757
AFB1972WRNO,2019-12-17-16-57-37,39,1.4773665942577434,Occlusion,-8.13,gear24,gear24,65.04,down,17.614089102770777
AFB1972WRNO,2019-12-17-16-57-37,39,1.4773665942577434,Occlusion,-8.13,gear24,gear24,65.04,right,21.266922056378462
AFB1972WRNO,2019-12-17-16-57-37,39,1.4773665942577434,Occlusion,-8.13,gear24,gear24,65.04,left,23.385324359239803
AFB1972WRNO,2019-12-17-16-57-37,39,1.4773665942577434,Occlusion,-8.13,gear24,gear24,65.04,down,31.10812824718414
AFB1972WRNO,2019-12-17-16-57-37,39,1.4773665942577434,Occlusion,-8.13,gear24,gear24,65.04,up,32.759400935101894
AFB1972WRNO,2019-12-17-16-57-37,39,1.4773665942577434,Occlusion,-8.13,gear24,gear24,65.04,down,33.35981368866442
AFB1972WRNO,2019-12-17-16-57-37,39,1.4773665942577434,Occlusion,-8.13,gear24,gear24,65.04,up,34.61088677950829
AFB1972WRNO,2019-12-17-16-57-37,39,1.4773665942577434,Occlusion,-8.13,gear24,gear24,65.04,left,35.74510166140135
AFB1972WRNO,2019-12-17-16-57-37,39,1.4773665942577434,Occlusion,-8.13,gear24,gear24,65.04,up,38.58146005041863
AFB1972WRNO,2019-12-17-16-57-37,39,1.4773665942577434,Occlusion,-8.13,gear24,gear24,65.04,unclear,39.03102151530811
AFB1972WRNO,2019-12-17-16-57-37,39,1.4773665942577434,Occlusion,-8.13,gear24,gear24,65.04,down,39.04771576729809
AFB1972WRNO,2019-12-17-16-57-37,39,1.4773665942577434,Occlusion,-8.13,gear24,gear24,65.04,right,42.06675897020568
AFB1972WRNO,2019-12-17-16-57-37,39,1.4773665942577434,Occlusion,-8.13,gear24,gear24,65.04,unclear,42.35031307942381
AFB1972WRNO,2019-12-17-16-57-37,39,1.4773665942577434,Occlusion,-8.13,gear24,gear24,65.04,up,45.28597085721003
AFB1972WRNO,2019-12-17-16-57-37,39,1.4773665942577434,Occlusion,-8.13,gear24,gear24,65.04,down,47.487749566316324
AFB1972WRNO,2019-12-17-16-57-37,39,1.4773665942577434,Occlusion,-8.13,gear24,gear24,65.04,up,49.10568755251916
AFB1972WRNO,2019-12-17-16-57-37,39,1.4773665942577434,Occlusion,-8.13,gear24,gear24,65.04,left,49.93966651303481
AFB1972WRNO,2019-12-17-16-57-37,39,1.4773665942577434,Occlusion,-8.13,gear24,gear24,65.04,down,57.01256796034659
AFB1972WRNO,2019-12-17-16-57-37,39,1.4773665942577434,Occlusion,-8.13,gear24,gear24,65.04,right,59.13032494702156
AFB1972WRNO,2019-12-17-16-57-37,39,1.4773665942577434,Occlusion,-8.13,gear24,gear24,65.04,end,60.01435152098702
AFB1972WRNO,2019-12-17-16-57-37,40,1.4294704214737324,Separation,0.0,gear24,gear24,None,down,1.0341675483396102
AFB1972WRNO,2019-12-17-16-57-37,40,1.4294704214737324,Separation,0.0,gear24,gear24,None,up,11.65928051754645
AFB1972WRNO,2019-12-17-16-57-37,40,1.4294704214737324,Separation,0.0,gear24,gear24,None,left,13.127137551555279
AFB1972WRNO,2019-12-17-16-57-37,40,1.4294704214737324,Separation,0.0,gear24,gear24,None,down,15.078662643625648
AFB1972WRNO,2019-12-17-16-57-37,40,1.4294704214737324,Separation,0.0,gear24,gear24,None,up,17.09697718348525
AFB1972WRNO,2019-12-17-16-57-37,40,1.4294704214737324,Separation,0.0,gear24,gear24,None,down,19.131912269342138
AFB1972WRNO,2019-12-17-16-57-37,40,1.4294704214737324,Separation,0.0,gear24,gear24,None,right,20.332893585339207
AFB1972WRNO,2019-12-17-16-57-37,40,1.4294704214737324,Separation,0.0,gear24,gear24,None,unclear,21.817329180918023
AFB1972WRNO,2019-12-17-16-57-37,40,1.4294704214737324,Separation,0.0,gear24,gear24,None,left,21.81738236119145
AFB1972WRNO,2019-12-17-16-57-37,40,1.4294704214737324,Separation,0.0,gear24,gear24,None,right,23.55213066299939
AFB1972WRNO,2019-12-17-16-57-37,40,1.4294704214737324,Separation,0.0,gear24,gear24,None,up,24.45282256634937
AFB1972WRNO,2019-12-17-16-57-37,40,1.4294704214737324,Separation,0.0,gear24,gear24,None,down,25.453635820241743
AFB1972WRNO,2019-12-17-16-57-37,40,1.4294704214737324,Separation,0.0,gear24,gear24,None,up,33.15974576719236
AFB1972WRNO,2019-12-17-16-57-37,40,1.4294704214737324,Separation,0.0,gear24,gear24,None,left,34.89437029269038
AFB1972WRNO,2019-12-17-16-57-37,40,1.4294704214737324,Separation,0.0,gear24,gear24,None,up,38.363837040713406
AFB1972WRNO,2019-12-17-16-57-37,40,1.4294704214737324,Separation,0.0,gear24,gear24,None,down,49.13906765961383
AFB1972WRNO,2019-12-17-16-57-37,40,1.4294704214737324,Separation,0.0,gear24,gear24,None,up,57.67919264258671
AFB1972WRNO,2019-12-17-16-57-37,40,1.4294704214737324,Separation,0.0,gear24,gear24,None,left,58.69663328438264
AFB1972WRNO,2019-12-17-16-57-37,40,1.4294704214737324,Separation,0.0,gear24,gear24,None,unclear,59.630785220735106
AFB1972WRNO,2019-12-17-16-57-37,40,1.4294704214737324,Separation,0.0,gear24,gear24,None,down,59.64741385262141
AFB1972WRNO,2019-12-17-16-57-37,40,1.4294704214737324,Separation,0.0,gear24,gear24,None,end,60.0143306842715
AFB1972WRNO,2019-12-17-16-57-37,41,0.784303134729896,Occlusion,-8.13,gear24,gear24,32.52,down,0.9508129117971293
AFB1972WRNO,2019-12-17-16-57-37,41,0.784303134729896,Occlusion,-8.13,gear24,gear24,32.52,left,3.28597054621423
AFB1972WRNO,2019-12-17-16-57-37,41,0.784303134729896,Occlusion,-8.13,gear24,gear24,32.52,unclear,3.519530533251782
AFB1972WRNO,2019-12-17-16-57-37,41,0.784303134729896,Occlusion,-8.13,gear24,gear24,32.52,up,4.470263208144843
AFB1972WRNO,2019-12-17-16-57-37,41,0.784303134729896,Occlusion,-8.13,gear24,gear24,32.52,down,9.440885305388292
AFB1972WRNO,2019-12-17-16-57-37,41,0.784303134729896,Occlusion,-8.13,gear24,gear24,32.52,up,16.229609096998956
AFB1972WRNO,2019-12-17-16-57-37,41,0.784303134729896,Occlusion,-8.13,gear24,gear24,32.52,left,17.013561280779868
AFB1972WRNO,2019-12-17-16-57-37,41,0.784303134729896,Occlusion,-8.13,gear24,gear24,32.52,down,21.383691320543676
AFB1972WRNO,2019-12-17-16-57-37,41,0.784303134729896,Occlusion,-8.13,gear24,gear24,32.52,right,26.48771038085124
AFB1972WRNO,2019-12-17-16-57-37,41,0.784303134729896,Occlusion,-8.13,gear24,gear24,32.52,left,29.023065621969636
AFB1972WRNO,2019-12-17-16-57-37,41,0.784303134729896,Occlusion,-8.13,gear24,gear24,32.52,up,30.474229958967044
AFB1972WRNO,2019-12-17-16-57-37,41,0.784303134729896,Occlusion,-8.13,gear24,gear24,32.52,unclear,30.574346955569126
AFB1972WRNO,2019-12-17-16-57-37,41,0.784303134729896,Occlusion,-8.13,gear24,gear24,32.52,down,34.51074956818229
AFB1972WRNO,2019-12-17-16-57-37,41,0.784303134729896,Occlusion,-8.13,gear24,gear24,32.52,right,39.24866225177084
AFB1972WRNO,2019-12-17-16-57-37,41,0.784303134729896,Occlusion,-8.13,gear24,gear24,32.52,left,40.78246438010137
AFB1972WRNO,2019-12-17-16-57-37,41,0.784303134729896,Occlusion,-8.13,gear24,gear24,32.52,right,42.25025423902753
AFB1972WRNO,2019-12-17-16-57-37,41,0.784303134729896,Occlusion,-8.13,gear24,gear24,32.52,left,43.100903504859616
AFB1972WRNO,2019-12-17-16-57-37,41,0.784303134729896,Occlusion,-8.13,gear24,gear24,32.52,right,45.18588309420875
AFB1972WRNO,2019-12-17-16-57-37,41,0.784303134729896,Occlusion,-8.13,gear24,gear24,32.52,up,46.45362897833502
AFB1972WRNO,2019-12-17-16-57-37,41,0.784303134729896,Occlusion,-8.13,gear24,gear24,32.52,down,52.7252529794946
AFB1972WRNO,2019-12-17-16-57-37,41,0.784303134729896,Occlusion,-8.13,gear24,gear24,32.52,right,53.94292077258797
AFB1972WRNO,2019-12-17-16-57-37,41,0.784303134729896,Occlusion,-8.13,gear24,gear24,32.52,up,59.48065575320334
AFB1972WRNO,2019-12-17-16-57-37,41,0.784303134729896,Occlusion,-8.13,gear24,gear24,32.52,end,60.0142694181086
AFB1972WRNO,2019-12-17-16-57-37,42,0.7374454921350655,Separation,65.04,gear24,gear24,None,up,1.4011462681446574
AFB1972WRNO,2019-12-17-16-57-37,42,0.7374454921350655,Separation,65.04,gear24,gear24,None,unclear,2.969055300643049
AFB1972WRNO,2019-12-17-16-57-37,42,0.7374454921350655,Separation,65.04,gear24,gear24,None,right,3.069147417584645
AFB1972WRNO,2019-12-17-16-57-37,42,0.7374454921350655,Separation,65.04,gear24,gear24,None,left,3.5361955516414127
AFB1972WRNO,2019-12-17-16-57-37,42,0.7374454921350655,Separation,65.04,gear24,gear24,None,up,5.087455426533779
AFB1972WRNO,2019-12-17-16-57-37,42,0.7374454921350655,Separation,65.04,gear24,gear24,None,left,5.3543078198640615
AFB1972WRNO,2019-12-17-16-57-37,42,0.7374454921350655,Separation,65.04,gear24,gear24,None,unclear,5.537778209025419
AFB1972WRNO,2019-12-17-16-57-37,42,0.7374454921350655,Separation,65.04,gear24,gear24,None,down,5.621187580820333
AFB1972WRNO,2019-12-17-16-57-37,42,0.7374454921350655,Separation,65.04,gear24,gear24,None,left,8.82371361271953
AFB1972WRNO,2019-12-17-16-57-37,42,0.7374454921350655,Separation,65.04,gear24,gear24,None,right,10.725218458966538
AFB1972WRNO,2019-12-17-16-57-37,42,0.7374454921350655,Separation,65.04,gear24,gear24,None,up,11.926167742401049
AFB1972WRNO,2019-12-17-16-57-37,42,0.7374454921350655,Separation,65.04,gear24,gear24,None,down,12.876973501296106
AFB1972WRNO,2019-12-17-16-57-37,42,0.7374454921350655,Separation,65.04,gear24,gear24,None,up,14.36144797134375
AFB1972WRNO,2019-12-17-16-57-37,42,0.7374454921350655,Separation,65.04,gear24,gear24,None,down,15.262153558506725
AFB1972WRNO,2019-12-17-16-57-37,42,0.7374454921350655,Separation,65.04,gear24,gear24,None,up,16.1635452022997
AFB1972WRNO,2019-12-17-16-57-37,42,0.7374454921350655,Separation,65.04,gear24,gear24,None,down,18.564839815418054
AFB1972WRNO,2019-12-17-16-57-37,42,0.7374454921350655,Separation,65.04,gear24,gear24,None,up,34.71088932967359
AFB1972WRNO,2019-12-17-16-57-37,42,0.7374454921350655,Separation,65.04,gear24,gear24,None,left,35.62830005367823
AFB1972WRNO,2019-12-17-16-57-37,42,0.7374454921350655,Separation,65.04,gear24,gear24,None,up,37.06277573660918
AFB1972WRNO,2019-12-17-16-57-37,42,0.7374454921350655,Separation,65.04,gear24,gear24,None,left,39.381360407379816
AFB1972WRNO,2019-12-17-16-57-37,42,0.7374454921350655,Separation,65.04,gear24,gear24,None,right,41.24942356937299
AFB1972WRNO,2019-12-17-16-57-37,42,0.7374454921350655,Separation,65.04,gear24,gear24,None,left,42.06678727081953
AFB1972WRNO,2019-12-17-16-57-37,42,0.7374454921350655,Separation,65.04,gear24,gear24,None,up,44.03504424536595
AFB1972WRNO,2019-12-17-16-57-37,42,0.7374454921350655,Separation,65.04,gear24,gear24,None,down,50.70696145332067
AFB1972WRNO,2019-12-17-16-57-37,42,0.7374454921350655,Separation,65.04,gear24,gear24,None,right,51.52429996411138
AFB1972WRNO,2019-12-17-16-57-37,42,0.7374454921350655,Separation,65.04,gear24,gear24,None,up,52.97539588204336
AFB1972WRNO,2019-12-17-16-57-37,42,0.7374454921350655,Separation,65.04,gear24,gear24,None,left,55.32734542111666
AFB1972WRNO,2019-12-17-16-57-37,42,0.7374454921350655,Separation,65.04,gear24,gear24,None,up,57.32886152540959
AFB1972WRNO,2019-12-17-16-57-37,42,0.7374454921350655,Separation,65.04,gear24,gear24,None,down,57.84596846876275
AFB1972WRNO,2019-12-17-16-57-37,42,0.7374454921350655,Separation,65.04,gear24,gear24,None,left,59.93092846537911
AFB1972WRNO,2019-12-17-16-57-37,42,0.7374454921350655,Separation,65.04,gear24,gear24,None,end,60.01439381640921
AFB1972WRNO,2019-12-17-16-57-37,43,0.7296763256232244,Ambiguity,-8.13,gear24-strong,gear24,None,down,1.2010724377528277
AFB1972WRNO,2019-12-17-16-57-37,43,0.7296763256232244,Ambiguity,-8.13,gear24-strong,gear24,None,up,16.796774227657806
AFB1972WRNO,2019-12-17-16-57-37,43,0.7296763256232244,Ambiguity,-8.13,gear24-strong,gear24,None,down,23.05166821231569
AFB1972WRNO,2019-12-17-16-57-37,43,0.7296763256232244,Ambiguity,-8.13,gear24-strong,gear24,None,up,26.054081539354684
AFB1972WRNO,2019-12-17-16-57-37,43,0.7296763256232244,Ambiguity,-8.13,gear24-strong,gear24,None,down,28.689496864852117
AFB1972WRNO,2019-12-17-16-57-37,43,0.7296763256232244,Ambiguity,-8.13,gear24-strong,gear24,None,up,34.444059017042036
AFB1972WRNO,2019-12-17-16-57-37,43,0.7296763256232244,Ambiguity,-8.13,gear24-strong,gear24,None,down,39.09781967097888
AFB1972WRNO,2019-12-17-16-57-37,43,0.7296763256232244,Ambiguity,-8.13,gear24-strong,gear24,None,up,42.38373672592388
AFB1972WRNO,2019-12-17-16-57-37,43,0.7296763256232244,Ambiguity,-8.13,gear24-strong,gear24,None,down,46.03664805046128
AFB1972WRNO,2019-12-17-16-57-37,43,0.7296763256232244,Ambiguity,-8.13,gear24-strong,gear24,None,up,51.307438583004114
AFB1972WRNO,2019-12-17-16-57-37,43,0.7296763256232244,Ambiguity,-8.13,gear24-strong,gear24,None,down,54.042924566736474
AFB1972WRNO,2019-12-17-16-57-37,43,0.7296763256232244,Ambiguity,-8.13,gear24-strong,gear24,None,up,57.5791241613224
AFB1972WRNO,2019-12-17-16-57-37,43,0.7296763256232244,Ambiguity,-8.13,gear24-strong,gear24,None,down,59.86430446732993
AFB1972WRNO,2019-12-17-16-57-37,43,0.7296763256232244,Ambiguity,-8.13,gear24-strong,gear24,None,end,60.014436733823004
AFB1972WRNO,2019-12-17-16-57-37,44,0.9584703055193728,Occlusion,-8.13,gear24,gear24,65.04,down,1.684728677975727
AFB1972WRNO,2019-12-17-16-57-37,44,0.9584703055193728,Occlusion,-8.13,gear24,gear24,65.04,up,2.518724121266132
AFB1972WRNO,2019-12-17-16-57-37,44,0.9584703055193728,Occlusion,-8.13,gear24,gear24,65.04,left,4.570382692713338
AFB1972WRNO,2019-12-17-16-57-37,44,0.9584703055193728,Occlusion,-8.13,gear24,gear24,65.04,down,13.961136726794848
AFB1972WRNO,2019-12-17-16-57-37,44,0.9584703055193728,Occlusion,-8.13,gear24,gear24,65.04,up,15.061958750767644
AFB1972WRNO,2019-12-17-16-57-37,44,0.9584703055193728,Occlusion,-8.13,gear24,gear24,65.04,down,21.800651722699058
AFB1972WRNO,2019-12-17-16-57-37,44,0.9584703055193728,Occlusion,-8.13,gear24,gear24,65.04,up,24.519501299651438
AFB1972WRNO,2019-12-17-16-57-37,44,0.9584703055193728,Occlusion,-8.13,gear24,gear24,65.04,down,26.80466947682453
AFB1972WRNO,2019-12-17-16-57-37,44,0.9584703055193728,Occlusion,-8.13,gear24,gear24,65.04,up,27.90555960886695
AFB1972WRNO,2019-12-17-16-57-37,44,0.9584703055193728,Occlusion,-8.13,gear24,gear24,65.04,down,29.23994472983486
AFB1972WRNO,2019-12-17-16-57-37,44,0.9584703055193728,Occlusion,-8.13,gear24,gear24,65.04,up,34.010390057092536
AFB1972WRNO,2019-12-17-16-57-37,44,0.9584703055193728,Occlusion,-8.13,gear24,gear24,65.04,left,35.361447038356346
AFB1972WRNO,2019-12-17-16-57-37,44,0.9584703055193728,Occlusion,-8.13,gear24,gear24,65.04,down,40.38213665277772
AFB1972WRNO,2019-12-17-16-57-37,44,0.9584703055193728,Occlusion,-8.13,gear24,gear24,65.04,left,43.08430317358716
AFB1972WRNO,2019-12-17-16-57-37,44,0.9584703055193728,Occlusion,-8.13,gear24,gear24,65.04,down,46.48701686032382
AFB1972WRNO,2019-12-17-16-57-37,44,0.9584703055193728,Occlusion,-8.13,gear24,gear24,65.04,right,46.83724783686921
AFB1972WRNO,2019-12-17-16-57-37,44,0.9584703055193728,Occlusion,-8.13,gear24,gear24,65.04,left,50.47352430960518
AFB1972WRNO,2019-12-17-16-57-37,44,0.9584703055193728,Occlusion,-8.13,gear24,gear24,65.04,right,53.12556484603556
AFB1972WRNO,2019-12-17-16-57-37,44,0.9584703055193728,Occlusion,-8.13,gear24,gear24,65.04,left,55.994518699863875
AFB1972WRNO,2019-12-17-16-57-37,44,0.9584703055193728,Occlusion,-8.13,gear24,gear24,65.04,right,57.312187177147734
AFB1972WRNO,2019-12-17-16-57-37,44,0.9584703055193728,Occlusion,-8.13,gear24,gear24,65.04,up,58.04612751199056
AFB1972WRNO,2019-12-17-16-57-37,44,0.9584703055193728,Occlusion,-8.13,gear24,gear24,65.04,end,60.01428901084046
AFB1972WRNO,2019-12-17-16-57-37,45,1.037783541307267,Separation,32.52,gear24,gear24,None,up,1.3844622790143148
AFB1972WRNO,2019-12-17-16-57-37,45,1.037783541307267,Separation,32.52,gear24,gear24,None,down,3.9365018202583997
AFB1972WRNO,2019-12-17-16-57-37,45,1.037783541307267,Separation,32.52,gear24,gear24,None,right,8.22330459110617
AFB1972WRNO,2019-12-17-16-57-37,45,1.037783541307267,Separation,32.52,gear24,gear24,None,up,12.526672239710933
AFB1972WRNO,2019-12-17-16-57-37,45,1.037783541307267,Separation,32.52,gear24,gear24,None,down,15.428970125126398
AFB1972WRNO,2019-12-17-16-57-37,45,1.037783541307267,Separation,32.52,gear24,gear24,None,up,22.81812906199366
AFB1972WRNO,2019-12-17-16-57-37,45,1.037783541307267,Separation,32.52,gear24,gear24,None,down,25.53699076778048
AFB1972WRNO,2019-12-17-16-57-37,45,1.037783541307267,Separation,32.52,gear24,gear24,None,left,28.239124323040414
AFB1972WRNO,2019-12-17-16-57-37,45,1.037783541307267,Separation,32.52,gear24,gear24,None,up,30.724511565621015
AFB1972WRNO,2019-12-17-16-57-37,45,1.037783541307267,Separation,32.52,gear24,gear24,None,down,31.591757430777307
AFB1972WRNO,2019-12-17-16-57-37,45,1.037783541307267,Separation,32.52,gear24,gear24,None,up,35.96206442712446
AFB1972WRNO,2019-12-17-16-57-37,45,1.037783541307267,Separation,32.52,gear24,gear24,None,unclear,36.32890537581079
AFB1972WRNO,2019-12-17-16-57-37,45,1.037783541307267,Separation,32.52,gear24,gear24,None,left,36.37889607703755
AFB1972WRNO,2019-12-17-16-57-37,45,1.037783541307267,Separation,32.52,gear24,gear24,None,up,40.43293190001623
AFB1972WRNO,2019-12-17-16-57-37,45,1.037783541307267,Separation,32.52,gear24,gear24,None,down,42.00039123265651
AFB1972WRNO,2019-12-17-16-57-37,45,1.037783541307267,Separation,32.52,gear24,gear24,None,right,43.78480991006654
AFB1972WRNO,2019-12-17-16-57-37,45,1.037783541307267,Separation,32.52,gear24,gear24,None,up,45.11924230238901
AFB1972WRNO,2019-12-17-16-57-37,45,1.037783541307267,Separation,32.52,gear24,gear24,None,left,48.28841901577334
AFB1972WRNO,2019-12-17-16-57-37,45,1.037783541307267,Separation,32.52,gear24,gear24,None,down,50.20658297148975
AFB1972WRNO,2019-12-17-16-57-37,45,1.037783541307267,Separation,32.52,gear24,gear24,None,right,54.24315140703811
AFB1972WRNO,2019-12-17-16-57-37,45,1.037783541307267,Separation,32.52,gear24,gear24,None,left,56.12791255297043
AFB1972WRNO,2019-12-17-16-57-37,45,1.037783541307267,Separation,32.52,gear24,gear24,None,down,58.16287003052139
AFB1972WRNO,2019-12-17-16-57-37,45,1.037783541307267,Separation,32.52,gear24,gear24,None,end,60.0143163784669
AFB1972WRNO,2019-12-17-16-57-37,46,0.9622433306094742,Ambiguity,-8.13,gear24,gear24-medium-strong,None,up,1.834847882647864
AFB1972WRNO,2019-12-17-16-57-37,46,0.9622433306094742,Ambiguity,-8.13,gear24,gear24-medium-strong,None,down,8.373403581053935
AFB1972WRNO,2019-12-17-16-57-37,46,0.9622433306094742,Ambiguity,-8.13,gear24,gear24-medium-strong,None,right,10.408324361106224
AFB1972WRNO,2019-12-17-16-57-37,46,0.9622433306094742,Ambiguity,-8.13,gear24,gear24-medium-strong,None,up,18.29790376423034
AFB1972WRNO,2019-12-17-16-57-37,46,0.9622433306094742,Ambiguity,-8.13,gear24,gear24-medium-strong,None,left,19.282008149332796
AFB1972WRNO,2019-12-17-16-57-37,46,0.9622433306094742,Ambiguity,-8.13,gear24,gear24-medium-strong,None,up,21.56717135057397
AFB1972WRNO,2019-12-17-16-57-37,46,0.9622433306094742,Ambiguity,-8.13,gear24,gear24-medium-strong,None,down,23.88571994583708
AFB1972WRNO,2019-12-17-16-57-37,46,0.9622433306094742,Ambiguity,-8.13,gear24,gear24-medium-strong,None,up,29.139874071599934
AFB1972WRNO,2019-12-17-16-57-37,46,0.9622433306094742,Ambiguity,-8.13,gear24,gear24-medium-strong,None,down,33.34317168396137
AFB1972WRNO,2019-12-17-16-57-37,46,0.9622433306094742,Ambiguity,-8.13,gear24,gear24-medium-strong,None,right,34.710938156006705
AFB1972WRNO,2019-12-17-16-57-37,46,0.9622433306094742,Ambiguity,-8.13,gear24,gear24-medium-strong,None,up,37.22960163310108
AFB1972WRNO,2019-12-17-16-57-37,46,0.9622433306094742,Ambiguity,-8.13,gear24,gear24-medium-strong,None,down,43.25116701156094
AFB1972WRNO,2019-12-17-16-57-37,46,0.9622433306094742,Ambiguity,-8.13,gear24,gear24-medium-strong,None,up,47.18752919472627
AFB1972WRNO,2019-12-17-16-57-37,46,0.9622433306094742,Ambiguity,-8.13,gear24,gear24-medium-strong,None,right,54.32655300393935
AFB1972WRNO,2019-12-17-16-57-37,46,0.9622433306094742,Ambiguity,-8.13,gear24,gear24-medium-strong,None,up,59.49727629920062
AFB1972WRNO,2019-12-17-16-57-37,46,0.9622433306094742,Ambiguity,-8.13,gear24,gear24-medium-strong,None,end,60.01432726331814
AFB1972WRNO,2019-12-17-16-57-37,47,1.1434827570082877,Control,-8.13,gear24,gear24,None,down,1.1176002448160034
AFB1972WRNO,2019-12-17-16-57-37,47,1.1434827570082877,Control,-8.13,gear24,gear24,None,up,5.304270158278541
AFB1972WRNO,2019-12-17-16-57-37,47,1.1434827570082877,Control,-8.13,gear24,gear24,None,down,10.858645588618856
AFB1972WRNO,2019-12-17-16-57-37,47,1.1434827570082877,Control,-8.13,gear24,gear24,None,up,14.7284437959147
AFB1972WRNO,2019-12-17-16-57-37,47,1.1434827570082877,Control,-8.13,gear24,gear24,None,down,16.91348906756639
AFB1972WRNO,2019-12-17-16-57-37,47,1.1434827570082877,Control,-8.13,gear24,gear24,None,up,28.47304786411223
AFB1972WRNO,2019-12-17-16-57-37,47,1.1434827570082877,Control,-8.13,gear24,gear24,None,left,29.823746578269493
AFB1972WRNO,2019-12-17-16-57-37,47,1.1434827570082877,Control,-8.13,gear24,gear24,None,down,37.429751657452016
AFB1972WRNO,2019-12-17-16-57-37,47,1.1434827570082877,Control,-8.13,gear24,gear24,None,right,38.83090570048989
AFB1972WRNO,2019-12-17-16-57-37,47,1.1434827570082877,Control,-8.13,gear24,gear24,None,up,42.21690398752571
AFB1972WRNO,2019-12-17-16-57-37,47,1.1434827570082877,Control,-8.13,gear24,gear24,None,down,50.907149419153484
AFB1972WRNO,2019-12-17-16-57-37,47,1.1434827570082877,Control,-8.13,gear24,gear24,None,up,57.02864333078969
AFB1972WRNO,2019-12-17-16-57-37,47,1.1434827570082877,Control,-8.13,gear24,gear24,None,end,60.01436333882566
AFB1972WRNO,2019-12-17-16-57-37,48,0.81515091643019,Occlusion,-8.13,gear24,gear24,16.26,up,1.0175603751604285
AFB1972WRNO,2019-12-17-16-57-37,48,0.81515091643019,Occlusion,-8.13,gear24,gear24,16.26,down,3.0190780344323684
AFB1972WRNO,2019-12-17-16-57-37,48,0.81515091643019,Occlusion,-8.13,gear24,gear24,16.26,up,4.403566437089921
AFB1972WRNO,2019-12-17-16-57-37,48,0.81515091643019,Occlusion,-8.13,gear24,gear24,16.26,left,6.004783425667938
AFB1972WRNO,2019-12-17-16-57-37,48,0.81515091643019,Occlusion,-8.13,gear24,gear24,16.26,up,6.905548413019915
AFB1972WRNO,2019-12-17-16-57-37,48,0.81515091643019,Occlusion,-8.13,gear24,gear24,16.26,down,9.907973868892896
AFB1972WRNO,2019-12-17-16-57-37,48,0.81515091643019,Occlusion,-8.13,gear24,gear24,16.26,right,11.375738848159017
AFB1972WRNO,2019-12-17-16-57-37,48,0.81515091643019,Occlusion,-8.13,gear24,gear24,16.26,left,12.543351252908906
AFB1972WRNO,2019-12-17-16-57-37,48,0.81515091643019,Occlusion,-8.13,gear24,gear24,16.26,right,13.861019419196964
AFB1972WRNO,2019-12-17-16-57-37,48,0.81515091643019,Occlusion,-8.13,gear24,gear24,16.26,left,15.896004575369716
AFB1972WRNO,2019-12-17-16-57-37,48,0.81515091643019,Occlusion,-8.13,gear24,gear24,16.26,right,17.73081202856929
AFB1972WRNO,2019-12-17-16-57-37,48,0.81515091643019,Occlusion,-8.13,gear24,gear24,16.26,left,19.282019656175635
AFB1972WRNO,2019-12-17-16-57-37,48,0.81515091643019,Occlusion,-8.13,gear24,gear24,16.26,right,20.86661703174468
AFB1972WRNO,2019-12-17-16-57-37,48,0.81515091643019,Occlusion,-8.13,gear24,gear24,16.26,up,22.68467798566826
AFB1972WRNO,2019-12-17-16-57-37,48,0.81515091643019,Occlusion,-8.13,gear24,gear24,16.26,left,23.735617845931756
AFB1972WRNO,2019-12-17-16-57-37,48,0.81515091643019,Occlusion,-8.13,gear24,gear24,16.26,right,25.01989253230795
AFB1972WRNO,2019-12-17-16-57-37,48,0.81515091643019,Occlusion,-8.13,gear24,gear24,16.26,left,26.170894653921096
AFB1972WRNO,2019-12-17-16-57-37,48,0.81515091643019,Occlusion,-8.13,gear24,gear24,16.26,right,28.522655729568214
AFB1972WRNO,2019-12-17-16-57-37,48,0.81515091643019,Occlusion,-8.13,gear24,gear24,16.26,up,29.94046639410999
AFB1972WRNO,2019-12-17-16-57-37,48,0.81515091643019,Occlusion,-8.13,gear24,gear24,16.26,left,31.625215597805436
AFB1972WRNO,2019-12-17-16-57-37,48,0.81515091643019,Occlusion,-8.13,gear24,gear24,16.26,up,36.61246352797343
AFB1972WRNO,2019-12-17-16-57-37,48,0.81515091643019,Occlusion,-8.13,gear24,gear24,16.26,down,38.46393195661767
AFB1972WRNO,2019-12-17-16-57-37,48,0.81515091643019,Occlusion,-8.13,gear24,gear24,16.26,unclear,38.8142347731814
AFB1972WRNO,2019-12-17-16-57-37,48,0.81515091643019,Occlusion,-8.13,gear24,gear24,16.26,right,38.91430076648021
AFB1972WRNO,2019-12-17-16-57-37,48,0.81515091643019,Occlusion,-8.13,gear24,gear24,16.26,left,40.86581994963126
AFB1972WRNO,2019-12-17-16-57-37,48,0.81515091643019,Occlusion,-8.13,gear24,gear24,16.26,up,43.45131890188668
AFB1972WRNO,2019-12-17-16-57-37,48,0.81515091643019,Occlusion,-8.13,gear24,gear24,16.26,down,44.051685006086245
AFB1972WRNO,2019-12-17-16-57-37,48,0.81515091643019,Occlusion,-8.13,gear24,gear24,16.26,up,48.47183684665242
AFB1972WRNO,2019-12-17-16-57-37,48,0.81515091643019,Occlusion,-8.13,gear24,gear24,16.26,left,49.50599662009836
AFB1972WRNO,2019-12-17-16-57-37,48,0.81515091643019,Occlusion,-8.13,gear24,gear24,16.26,right,51.67447203806114
AFB1972WRNO,2019-12-17-16-57-37,48,0.81515091643019,Occlusion,-8.13,gear24,gear24,16.26,left,55.243913346631416
AFB1972WRNO,2019-12-17-16-57-37,48,0.81515091643019,Occlusion,-8.13,gear24,gear24,16.26,up,57.012053573372214
AFB1972WRNO,2019-12-17-16-57-37,48,0.81515091643019,Occlusion,-8.13,gear24,gear24,16.26,left,58.529866788079744
AFB1972WRNO,2019-12-17-16-57-37,48,0.81515091643019,Occlusion,-8.13,gear24,gear24,16.26,end,60.014338459165174
AFB1972WRNO,2019-12-17-16-57-37,49,1.1775574097565094,Occlusion,-8.13,gear24,gear24,8.13,down,0.9340981340878898
AFB1972WRNO,2019-12-17-16-57-37,49,1.1775574097565094,Occlusion,-8.13,gear24,gear24,8.13,up,8.473384983507913
AFB1972WRNO,2019-12-17-16-57-37,49,1.1775574097565094,Occlusion,-8.13,gear24,gear24,8.13,left,9.090613899395521
AFB1972WRNO,2019-12-17-16-57-37,49,1.1775574097565094,Occlusion,-8.13,gear24,gear24,8.13,right,13.810987977526565
AFB1972WRNO,2019-12-17-16-57-37,49,1.1775574097565094,Occlusion,-8.13,gear24,gear24,8.13,left,14.911874999611427
AFB1972WRNO,2019-12-17-16-57-37,49,1.1775574097565094,Occlusion,-8.13,gear24,gear24,8.13,right,15.812609198383598
AFB1972WRNO,2019-12-17-16-57-37,49,1.1775574097565094,Occlusion,-8.13,gear24,gear24,8.13,up,16.713289283894937
AFB1972WRNO,2019-12-17-16-57-37,49,1.1775574097565094,Occlusion,-8.13,gear24,gear24,8.13,unclear,23.86899988119967
AFB1972WRNO,2019-12-17-16-57-37,49,1.1775574097565094,Occlusion,-8.13,gear24,gear24,8.13,right,23.869053994460955
AFB1972WRNO,2019-12-17-16-57-37,49,1.1775574097565094,Occlusion,-8.13,gear24,gear24,8.13,up,30.824514737777918
AFB1972WRNO,2019-12-17-16-57-37,49,1.1775574097565094,Occlusion,-8.13,gear24,gear24,8.13,unclear,31.358250935008982
AFB1972WRNO,2019-12-17-16-57-37,49,1.1775574097565094,Occlusion,-8.13,gear24,gear24,8.13,down,31.35830722523997
AFB1972WRNO,2019-12-17-16-57-37,49,1.1775574097565094,Occlusion,-8.13,gear24,gear24,8.13,up,40.28201934517983
AFB1972WRNO,2019-12-17-16-57-37,49,1.1775574097565094,Occlusion,-8.13,gear24,gear24,8.13,left,40.98259947665656
AFB1972WRNO,2019-12-17-16-57-37,49,1.1775574097565094,Occlusion,-8.13,gear24,gear24,8.13,right,49.50598760122148
AFB1972WRNO,2019-12-17-16-57-37,49,1.1775574097565094,Occlusion,-8.13,gear24,gear24,8.13,up,55.79432544710335
AFB1972WRNO,2019-12-17-16-57-37,49,1.1775574097565094,Occlusion,-8.13,gear24,gear24,8.13,left,57.61242092155544
AFB1972WRNO,2019-12-17-16-57-37,49,1.1775574097565094,Occlusion,-8.13,gear24,gear24,8.13,right,59.080295371325974
AFB1972WRNO,2019-12-17-16-57-37,49,1.1775574097565094,Occlusion,-8.13,gear24,gear24,8.13,end,60.01426848512119
AFB1972WRNO,2019-12-17-16-57-37,50,1.0872037605801408,Separation,8.13,gear24,gear24,None,up,1.0341970929362105
AFB1972WRNO,2019-12-17-16-57-37,50,1.0872037605801408,Separation,8.13,gear24,gear24,None,left,2.502030802263562
AFB1972WRNO,2019-12-17-16-57-37,50,1.0872037605801408,Separation,8.13,gear24,gear24,None,right,6.388520773583423
AFB1972WRNO,2019-12-17-16-57-37,50,1.0872037605801408,Separation,8.13,gear24,gear24,None,up,8.523529316636541
AFB1972WRNO,2019-12-17-16-57-37,50,1.0872037605801408,Separation,8.13,gear24,gear24,None,right,11.52593766774362
AFB1972WRNO,2019-12-17-16-57-37,50,1.0872037605801408,Separation,8.13,gear24,gear24,None,unclear,12.743883491039469
AFB1972WRNO,2019-12-17-16-57-37,50,1.0872037605801408,Separation,8.13,gear24,gear24,None,down,12.860298220046843
AFB1972WRNO,2019-12-17-16-57-37,50,1.0872037605801408,Separation,8.13,gear24,gear24,None,up,17.74749570670383
AFB1972WRNO,2019-12-17-16-57-37,50,1.0872037605801408,Separation,8.13,gear24,gear24,None,down,21.11686287388693
AFB1972WRNO,2019-12-17-16-57-37,50,1.0872037605801408,Separation,8.13,gear24,gear24,None,up,25.220076455195795
AFB1972WRNO,2019-12-17-16-57-37,50,1.0872037605801408,Separation,8.13,gear24,gear24,None,down,31.12478393570109
AFB1972WRNO,2019-12-17-16-57-37,50,1.0872037605801408,Separation,8.13,gear24,gear24,None,up,37.04612315805025
AFB1972WRNO,2019-12-17-16-57-37,50,1.0872037605801408,Separation,8.13,gear24,gear24,None,down,40.382103065236606
AFB1972WRNO,2019-12-17-16-57-37,50,1.0872037605801408,Separation,8.13,gear24,gear24,None,up,44.151750377393455
AFB1972WRNO,2019-12-17-16-57-37,50,1.0872037605801408,Separation,8.13,gear24,gear24,None,down,51.0072185224094
AFB1972WRNO,2019-12-17-16-57-37,50,1.0872037605801408,Separation,8.13,gear24,gear24,None,up,59.197054372631555
AFB1972WRNO,2019-12-17-16-57-37,50,1.0872037605801408,Separation,8.13,gear24,gear24,None,end,60.01438728549829
AFB1972WRNO,2019-12-17-16-57-37,51,1.2956369649789388,Ambiguity,-8.13,gear24-weak,gear24,None,down,0.9676250311772492
AFB1972WRNO,2019-12-17-16-57-37,51,1.2956369649789388,Ambiguity,-8.13,gear24-weak,gear24,None,up,11.57586523683267
AFB1972WRNO,2019-12-17-16-57-37,51,1.2956369649789388,Ambiguity,-8.13,gear24-weak,gear24,None,down,18.89834979433863
AFB1972WRNO,2019-12-17-16-57-37,51,1.2956369649789388,Ambiguity,-8.13,gear24-weak,gear24,None,up,37.61321862566001
AFB1972WRNO,2019-12-17-16-57-37,51,1.2956369649789388,Ambiguity,-8.13,gear24-weak,gear24,None,left,38.89757634790203
AFB1972WRNO,2019-12-17-16-57-37,51,1.2956369649789388,Ambiguity,-8.13,gear24-weak,gear24,None,unclear,39.998477364796145
AFB1972WRNO,2019-12-17-16-57-37,51,1.2956369649789388,Ambiguity,-8.13,gear24-weak,gear24,None,down,40.26537080956541
AFB1972WRNO,2019-12-17-16-57-37,51,1.2956369649789388,Ambiguity,-8.13,gear24-weak,gear24,None,up,49.83966489585691
AFB1972WRNO,2019-12-17-16-57-37,51,1.2956369649789388,Ambiguity,-8.13,gear24-weak,gear24,None,down,54.476660701768196
AFB1972WRNO,2019-12-17-16-57-37,51,1.2956369649789388,Ambiguity,-8.13,gear24-weak,gear24,None,end,60.01439537138822
AFB1972WRNO,2019-12-17-16-57-37,52,1.4214196533966206,Ambiguity,-8.13,gear24-medium,gear24,None,down,0.867756831177303
AFB1972WRNO,2019-12-17-16-57-37,52,1.4214196533966206,Ambiguity,-8.13,gear24-medium,gear24,None,up,8.707300438690709
AFB1972WRNO,2019-12-17-16-57-37,52,1.4214196533966206,Ambiguity,-8.13,gear24-medium,gear24,None,down,16.996869827752107
AFB1972WRNO,2019-12-17-16-57-37,52,1.4214196533966206,Ambiguity,-8.13,gear24-medium,gear24,None,up,21.35033516012254
AFB1972WRNO,2019-12-17-16-57-37,52,1.4214196533966206,Ambiguity,-8.13,gear24-medium,gear24,None,down,25.019890666333595
AFB1972WRNO,2019-12-17-16-57-37,52,1.4214196533966206,Ambiguity,-8.13,gear24-medium,gear24,None,up,27.40518019404908
AFB1972WRNO,2019-12-17-16-57-37,52,1.4214196533966206,Ambiguity,-8.13,gear24-medium,gear24,None,down,30.54094570076404
AFB1972WRNO,2019-12-17-16-57-37,52,1.4214196533966206,Ambiguity,-8.13,gear24-medium,gear24,None,up,34.01037015336442
AFB1972WRNO,2019-12-17-16-57-37,52,1.4214196533966206,Ambiguity,-8.13,gear24-medium,gear24,None,down,37.363027207774394
AFB1972WRNO,2019-12-17-16-57-37,52,1.4214196533966206,Ambiguity,-8.13,gear24-medium,gear24,None,up,40.31537830456318
AFB1972WRNO,2019-12-17-16-57-37,52,1.4214196533966206,Ambiguity,-8.13,gear24-medium,gear24,None,down,44.65215156191425
AFB1972WRNO,2019-12-17-16-57-37,52,1.4214196533966206,Ambiguity,-8.13,gear24-medium,gear24,None,up,48.87225258577428
AFB1972WRNO,2019-12-17-16-57-37,52,1.4214196533966206,Ambiguity,-8.13,gear24-medium,gear24,None,down,54.9770342076672
AFB1972WRNO,2019-12-17-16-57-37,52,1.4214196533966206,Ambiguity,-8.13,gear24-medium,gear24,None,up,59.08029195037261
AFB1972WRNO,2019-12-17-16-57-37,52,1.4214196533966206,Ambiguity,-8.13,gear24-medium,gear24,None,end,60.01431451249255
